1 2
2 2
3 2
5 3
6 3
7 3
10 2
11 2
13 3
14 3
15 3
17 4
19 2
21 3
22 3
23 3
26 2
29 3
30 3
31 3
33 2
34 4
35 2
37 3
38 3
39 3
41 4
42 2
43 2
46 3
47 3
51 2
53 3
55 3
57 2
58 2
59 2
61 3
62 3
65 4
66 2
67 2
69 3
70 3
71 3
73 4
74 2
77 3
78 3
79 3
82 4
83 2
85 3
86 3
87 3
89 4
91 2
93 3
94 3
95 3
97 4
101 3
102 3
103 3
105 2
106 2
107 2
109 3
110 3
111 3
113 4
114 2
115 2
118 3
119 3
122 2
123 2
127 3
129 2
130 2
131 2
133 3
134 3
137 4
138 4
139 2
141 3
142 3
143 3
145 4
146 4
149 3
151 3
154 4
155 4
157 3
158 3
159 3
161 4
163 2
165 3
166 3
167 3
170 2
173 3
174 3
177 2
178 4
179 2
181 3
182 3
183 3
185 4
186 2
187 2
190 3
191 3
193 4
194 4
195 2
197 3
199 3
201 2
202 2
203 4
205 5
206 3
209 2
210 4
211 2
213 3
214 3
215 3
217 4
218 2
219 4
221 5
222 3
223 3
226 4
227 2
229 3
230 3
231 3
233 4
235 2
237 3
238 3
239 3
241 4
246 3
247 3
249 2
251 2
253 3
254 3
255 3
257 4
258 2
259 4
262 3
263 3
265 4
266 2
267 2
269 3
271 3
273 2
274 4
277 3
278 3
281 4
282 4
283 2
285 3
286 3
287 3
290 2
291 4
293 3
295 3
298 2
299 4
301 3
302 3
303 3
305 4
307 2
309 3
310 3
311 3
313 4
314 2
317 3
318 3
319 3
321 2
322 4
323 4
326 3
327 3
329 4
330 4
331 2
334 3
335 3
337 4
339 2
341 3
345 2
346 2
347 2
349 3
353 4
354 2
355 4
357 3
358 3
359 3
362 2
365 3
366 3
367 3
370 2
371 4
373 3
374 3
377 4
379 2
381 3
382 3
383 3
385 2
386 4
389 3
390 3
391 3
393 2
394 2
395 4
397 3
398 3
399 3
401 4
402 2
403 2
406 3
407 3
409 4
410 4
411 2
413 3
415 3
417 2
418 2
419 2
421 3
422 3
426 4
427 2
429 3
430 3
431 3
433 4
434 4
435 2
437 3
438 5
439 3
442 4
443 2
445 5
446 3
447 3
449 4
451 2
453 3
454 3
455 3
457 4
458 2
461 3
462 3
463 3
465 4
466 4
467 2
469 3
470 3
471 3
473 2
474 2
478 3
479 3
481 4
482 4
483 2
485 3
487 3
489 2
491 2
493 3
494 3
497 4
498 2
499 2
501 3
502 3
503 3
505 4
506 2
509 3
510 3
511 3
514 4
515 2
517 3
518 3
519 3
521 4
523 2
526 3
527 3
530 2
533 3
534 3
535 3
537 2
538 2
541 3
542 3
543 3
545 4
546 4
547 2
551 3
553 4
554 2
555 2
557 3
559 3
561 4
562 4
563 2
565 3
566 3
569 4
570 2
571 2
573 3
574 3
577 4
579 4
581 3
582 5
583 3
586 2
587 2
589 3
590 3
591 3
593 4
595 2
597 3
598 3
599 3
34 4
3434 4
374 3
