row 0: [0, 0, 0, 0, 0, 0, 0, 0, 0, 0]   (1s)
row 1: [0, 0, 0, 0, 0, 0, 1, 0, 0, 0]   (1s)
row 2: [0, 0, 0, 1, 1, 1, 0, 0, 0, 0]   (2s)
row 3: [0, 0, 1, 0, 1, 0, 0, 0, 0, 0]   (3s)
row 4: [0, 0, 1, 1, 0, 1, 1, 0, 0, 0]   (3s)
row 5: [0, 0, 1, 0, 1, 0, 0, 0, 0, 0]   (3s)
row 6: [0, 1, 0, 0, 1, 0, 0, 0, 0, 0]   (4s)

Моя матрица CTP:
[0 0 0 0 0 0 0]
[0 0 0 0 0 0 1]
[0 0 0 1 1 1 0]
[0 0 1 0 1 0 0]
[0 0 1 1 0 1 1]
[0 0 1 0 1 0 0]
[0 1 0 0 1 0 0]
ранг: 4
столбцы T1,T2,G (должны быть нулевыми): [[0, 0, 0, 0, 0, 0, 0], [0, 0, 0, 0, 0, 0, 0], [0, 0, 0, 0, 0, 0, 0]]
граница ранга: rank E(k) <= 1

ИТОГ: ВСЕ ОК
