8450626 30
3 5 7 11 13 17 19 23 29 31 37 41 43 47 53 59 61 67 71 73 79 83 89 97 101 103 107 109 113 127
9 0 12 0 10 0 15 0 0 0 0 0 0 0 0 0 0 0 0 0 0 0 0 0 0 0 0 0 0 0 0 0 0 0 0 0 0 0 0 0 0 0 0 0 0 0 0 0 0 0 0 0 0 0 0 0 0 0 0 0 0 0 0 0 0 0 0 0 0 0 0 0 0 0 0 0 0 0 0 0 0 0 0 0 0 0 0 0 0 0 0 0 0 0 0 0 0 0 0 0 0 0 0 0 0 0 0 0 0 0 0 0 0 0 0 0 0 0 0 0 0 0 0 0 0 0 0 0 0 0 0 0 0 0 0 0 0 0 0 0 0 0 0 0 0 0 0 0 0 0 0 0 0 0 0 0 0 0 0 0 0 0 0 0 0 0 0 0 0 0 0 0 0 0 0 0 0 0 0 0 0 0 0 0 0 0 0 0 0 0 0 0 0 0 0 0 0 0 0 0 0 0 0 0 0 0 0 0 0 0 0 0 0 0 0 0 0 0 0 0 0 0 0 0 0 0 0 0 0 0 0 0 0 0 0 0 0 0 0 0 0 0 0 0 0 0 0 0 0 0 0 0 0 0 0 0
33 0 48 0 40 0 36 0 34 0 63 0 0 0 0 0 0 0 0 0 0 0 0 0 0 0 0 0 0 0 0 0 0 0 0 0 0 0 0 0 0 0 0 0 0 0 0 0 0 0 0 0 0 0 0 0 0 0 0 0 0 0 0 0 0 0 0 0 0 0 0 0 0 0 0 0 0 0 0 0 0 0 0 0 0 0 0 0 0 0 0 0 0 0 0 0 0 0 0 0 0 0 0 0 0 0 0 0 0 0 0 0 0 0 0 0 0 0 0 0 0 0 0 0 0 0 0 0 0 0 0 0 0 0 0 0 0 0 0 0 0 0 0 0 0 0 0 0 0 0 0 0 0 0 0 0 0 0 0 0 0 0 0 0 0 0 0 0 0 0 0 0 0 0 0 0 0 0 0 0 0 0 0 0 0 0 0 0 0 0 0 0 0 0 0 0 0 0 0 0 0 0 0 0 0 0 0 0 0 0 0 0 0 0 0 0 0 0 0 0 0 0 0 0 0 0 0 0 0 0 0 0 0 0 0 0 0 0 0 0 0 0 0 0 0 0 0 0 0 0 0 0 0 0 0 0
195 0 225 0 240 0 184 0 156 0 142 0 135 0 255 0 0 0 0 0 0 0 0 0 0 0 0 0 0 0 0 0 0 0 0 0 0 0 0 0 0 0 0 0 0 0 0 0 0 0 0 0 0 0 0 0 0 0 0 0 0 0 0 0 0 0 0 0 0 0 0 0 0 0 0 0 0 0 0 0 0 0 0 0 0 0 0 0 0 0 0 0 0 0 0 0 0 0 0 0 0 0 0 0 0 0 0 0 0 0 0 0 0 0 0 0 0 0 0 0 0 0 0 0 0 0 0 0 0 0 0 0 0 0 0 0 0 0 0 0 0 0 0 0 0 0 0 0 0 0 0 0 0 0 0 0 0 0 0 0 0 0 0 0 0 0 0 0 0 0 0 0 0 0 0 0 0 0 0 0 0 0 0 0 0 0 0 0 0 0 0 0 0 0 0 0 0 0 0 0 0 0 0 0 0 0 0 0 0 0 0 0 0 0 0 0 0 0 0 0 0 0 0 0 0 0 0 0 0 0 0 0 0 0 0 0 0 0 0 0 0 0 0 0 0 0 0 0 0 0 0 0 0 0 0 0
2313 0 3204 0 2626 0 2337 0 3216 0 2632 0 2340 0 2194 0 2121 0 3108 0 2578 0 4095 0 0 0 0 0 0 0 0 0 0 0 0 0 0 0 0 0 0 0 0 0 0 0 0 0 0 0 0 0 0 0 0 0 0 0 0 0 0 0 0 0 0 0 0 0 0 0 0 0 0 0 0 0 0 0 0 0 0 0 0 0 0 0 0 0 0 0 0 0 0 0 0 0 0 0 0 0 0 0 0 0 0 0 0 0 0 0 0 0 0 0 0 0 0 0 0 0 0 0 0 0 0 0 0 0 0 0 0 0 0 0 0 0 0 0 0 0 0 0 0 0 0 0 0 0 0 0 0 0 0 0 0 0 0 0 0 0 0 0 0 0 0 0 0 0 0 0 0 0 0 0 0 0 0 0 0 0 0 0 0 0 0 0 0 0 0 0 0 0 0 0 0 0 0 0 0 0 0 0 0 0 0 0 0 0 0 0 0 0 0 0 0 0 0 0 0 0 0 0 0 0 0 0 0 0 0 0 0 0 0 0 0 0 0 0 0 0 0 0 0 0 0 0 0 0 0 0 0 0 0 0 0 0
10245 0 13314 0 10753 0 13568 0 10880 0 9536 0 8864 0 8528 0 8360 0 8276 0 8234 0 8213 0 12298 0 16383 0 0 0 0 0 0 0 0 0 0 0 0 0 0 0 0 0 0 0 0 0 0 0 0 0 0 0 0 0 0 0 0 0 0 0 0 0 0 0 0 0 0 0 0 0 0 0 0 0 0 0 0 0 0 0 0 0 0 0 0 0 0 0 0 0 0 0 0 0 0 0 0 0 0 0 0 0 0 0 0 0 0 0 0 0 0 0 0 0 0 0 0 0 0 0 0 0 0 0 0 0 0 0 0 0 0 0 0 0 0 0 0 0 0 0 0 0 0 0 0 0 0 0 0 0 0 0 0 0 0 0 0 0 0 0 0 0 0 0 0 0 0 0 0 0 0 0 0 0 0 0 0 0 0 0 0 0 0 0 0 0 0 0 0 0 0 0 0 0 0 0 0 0 0 0 0 0 0 0 0 0 0 0 0 0 0 0 0 0 0 0 0 0 0 0 0 0 0 0 0 0 0 0 0 0 0 0 0 0 0 0 0 0 0 0 0 0 0 0 0 0 0 0 0 0 0 0 0 0
213003 0 237573 0 249858 0 190465 0 226304 0 178688 0 154880 0 142976 0 137024 0 134048 0 132560 0 131816 0 131444 0 131258 0 131165 0 196654 0 163863 0 262143 0 0 0 0 0 0 0 0 0 0 0 0 0 0 0 0 0 0 0 0 0 0 0 0 0 0 0 0 0 0 0 0 0 0 0 0 0 0 0 0 0 0 0 0 0 0 0 0 0 0 0 0 0 0 0 0 0 0 0 0 0 0 0 0 0 0 0 0 0 0 0 0 0 0 0 0 0 0 0 0 0 0 0 0 0 0 0 0 0 0 0 0 0 0 0 0 0 0 0 0 0 0 0 0 0 0 0 0 0 0 0 0 0 0 0 0 0 0 0 0 0 0 0 0 0 0 0 0 0 0 0 0 0 0 0 0 0 0 0 0 0 0 0 0 0 0 0 0 0 0 0 0 0 0 0 0 0 0 0 0 0 0 0 0 0 0 0 0 0 0 0 0 0 0 0 0 0 0 0 0 0 0 0 0 0 0 0 0 0 0 0 0 0 0 0 0 0 0 0 0 0 0 0 0 0 0 0 0 0 0 0 0 0 0 0 0 0 0 0 0 0
622617 0 835596 0 679942 0 602115 0 825345 0 936960 0 730624 0 627456 0 575872 0 550080 0 537184 0 530736 0 527512 0 525900 0 525094 0 524691 0 786633 0 917604 0 720946 0 1048575 0 0 0 0 0 0 0 0 0 0 0 0 0 0 0 0 0 0 0 0 0 0 0 0 0 0 0 0 0 0 0 0 0 0 0 0 0 0 0 0 0 0 0 0 0 0 0 0 0 0 0 0 0 0 0 0 0 0 0 0 0 0 0 0 0 0 0 0 0 0 0 0 0 0 0 0 0 0 0 0 0 0 0 0 0 0 0 0 0 0 0 0 0 0 0 0 0 0 0 0 0 0 0 0 0 0 0 0 0 0 0 0 0 0 0 0 0 0 0 0 0 0 0 0 0 0 0 0 0 0 0 0 0 0 0 0 0 0 0 0 0 0 0 0 0 0 0 0 0 0 0 0 0 0 0 0 0 0 0 0 0 0 0 0 0 0 0 0 0 0 0 0 0 0 0 0 0 0 0 0 0 0 0 0 0 0 0 0 0 0 0 0 0 0 0 0 0 0 0 0 0 0 0 0 0 0 0 0 0 0 0 0 0 0 0 0 0
12622083 0 14699649 0 15738432 0 12063520 0 10226064 0 9307336 0 8847972 0 8618290 0 8503449 0 12640332 0 10514470 0 9451539 0 13114377 0 14945796 0 11667202 0 10027905 0 13402560 0 10895584 0 9642096 0 9015352 0 8701980 0 8545294 0 8466951 0 16777215 0 0 0 0 0 0 0 0 0 0 0 0 0 0 0 0 0 0 0 0 0 0 0 0 0 0 0 0 0 0 0 0 0 0 0 0 0 0 0 0 0 0 0 0 0 0 0 0 0 0 0 0 0 0 0 0 0 0 0 0 0 0 0 0 0 0 0 0 0 0 0 0 0 0 0 0 0 0 0 0 0 0 0 0 0 0 0 0 0 0 0 0 0 0 0 0 0 0 0 0 0 0 0 0 0 0 0 0 0 0 0 0 0 0 0 0 0 0 0 0 0 0 0 0 0 0 0 0 0 0 0 0 0 0 0 0 0 0 0 0 0 0 0 0 0 0 0 0 0 0 0 0 0 0 0 0 0 0 0 0 0 0 0 0 0 0 0 0 0 0 0 0 0 0 0 0 0 0 0 0 0 0 0 0 0 0 0 0 0 0 0 0 0 0 0 0 0 0 0 0 0 0 0 0 0 0 0 0 0
564134241 0 818938032 0 677904472 0 607387692 0 572129302 0 554500107 0 814120965 0 943931394 0 740401153 0 907071488 0 721971200 0 629421056 0 583145984 0 560008448 0 548439680 0 542655296 0 539763104 0 538317008 0 537593960 0 537232436 0 537051674 0 536961293 0 805351558 0 671111235 0 872426529 0 973084176 0 754977544 0 645924228 0 591397570 0 1073741823 0 0 0 0 0 0 0 0 0 0 0 0 0 0 0 0 0 0 0 0 0 0 0 0 0 0 0 0 0 0 0 0 0 0 0 0 0 0 0 0 0 0 0 0 0 0 0 0 0 0 0 0 0 0 0 0 0 0 0 0 0 0 0 0 0 0 0 0 0 0 0 0 0 0 0 0 0 0 0 0 0 0 0 0 0 0 0 0 0 0 0 0 0 0 0 0 0 0 0 0 0 0 0 0 0 0 0 0 0 0 0 0 0 0 0 0 0 0 0 0 0 0 0 0 0 0 0 0 0 0 0 0 0 0 0 0 0 0 0 0 0 0 0 0 0 0 0 0 0 0 0 0 0 0 0 0 0 0 0 0 0 0 0 0 0 0 0 0 0 0 0 0 0 0 0 0 0 0 0 0 0 0 0 0 0 0 0 0 0 0 0 0 0 0 0 0 0
3372490899 0 3833729097 0 4064348196 0 3105915922 0 2626699785 0 3460833540 0 2804158594 0 2475821121 0 3385394208 0 2766438928 0 2456961288 0 2302222468 0 2224853058 0 2186168353 0 3240567824 0 2694025736 0 2420754692 0 2284119170 0 2215801409 0 3255384352 0 2701434000 0 2424458824 0 2285971236 0 2216727442 0 2182105545 0 3238536420 0 2693010034 0 2420246841 0 3357607068 0 2752545358 0 2450014503 0 4294967295 0 0 0 0 0 0 0 0 0 0 0 0 0 0 0 0 0 0 0 0 0 0 0 0 0 0 0 0 0 0 0 0 0 0 0 0 0 0 0 0 0 0 0 0 0 0 0 0 0 0 0 0 0 0 0 0 0 0 0 0 0 0 0 0 0 0 0 0 0 0 0 0 0 0 0 0 0 0 0 0 0 0 0 0 0 0 0 0 0 0 0 0 0 0 0 0 0 0 0 0 0 0 0 0 0 0 0 0 0 0 0 0 0 0 0 0 0 0 0 0 0 0 0 0 0 0 0 0 0 0 0 0 0 0 0 0 0 0 0 0 0 0 0 0 0 0 0 0 0 0 0 0 0 0 0 0 0 0 0 0 0 0 0 0 0 0 0 0 0 0 0 0 0 0 0 0 0 0 0 0 0 0 0 0 0 0 0 0 0 0 0 0 0
172536892677 0 223707399810 0 180573176641 0 227725541792 0 182582247632 0 160010600552 0 148724777012 0 143081865242 0 140260409357 0 207569158150 0 172504055811 0 223690981377 0 249284444160 0 193361698816 0 165400326144 0 151419639808 0 144429296640 0 140934125056 0 139186539264 0 138312746368 0 137875849920 0 137657401696 0 137548177584 0 137493565528 0 137466259500 0 137452606486 0 137445779979 0 206161843461 0 240519875202 0 188979414337 0 231928660640 0 184683807056 0 161061380264 0 149250166868 0 143344560170 0 140391756821 0 207634831882 0 274877906943 0 0 0 0 0 0 0 0 0 0 0 0 0 0 0 0 0 0 0 0 0 0 0 0 0 0 0 0 0 0 0 0 0 0 0 0 0 0 0 0 0 0 0 0 0 0 0 0 0 0 0 0 0 0 0 0 0 0 0 0 0 0 0 0 0 0 0 0 0 0 0 0 0 0 0 0 0 0 0 0 0 0 0 0 0 0 0 0 0 0 0 0 0 0 0 0 0 0 0 0 0 0 0 0 0 0 0 0 0 0 0 0 0 0 0 0 0 0 0 0 0 0 0 0 0 0 0 0 0 0 0 0 0 0 0 0 0 0 0 0 0 0 0 0 0 0 0 0 0 0 0 0 0 0 0 0 0 0 0 0 0 0 0 0 0 0 0 0 0 0 0 0 0 0 0 0 0 0 0 0 0
3577729384971 0 3987887948037 0 4192967229570 0 3195995242561 0 3797020876832 0 2998022066192 0 2598522660872 0 2398772958212 0 2298898106882 0 2248960681217 0 3323503596160 0 2761263425856 0 2480143340704 0 2339583298128 0 2269303276840 0 2234163266196 0 2216593260874 0 2207808258213 0 3302927384658 0 2750975320105 0 3574510915604 0 2886767085578 0 2542895170565 0 3470470840834 0 2834747048193 0 3616396779648 0 2907710017600 0 2553366636576 0 2376194946064 0 2287609100808 0 2243316178180 0 2221169716866 0 2210096486209 0 3304071498656 0 2751547377104 0 2475285316328 0 2337154285940 0 2268088770746 0 2233556013149 0 3315801262126 0 2757412258839 0 4398046511103 0 0 0 0 0 0 0 0 0 0 0 0 0 0 0 0 0 0 0 0 0 0 0 0 0 0 0 0 0 0 0 0 0 0 0 0 0 0 0 0 0 0 0 0 0 0 0 0 0 0 0 0 0 0 0 0 0 0 0 0 0 0 0 0 0 0 0 0 0 0 0 0 0 0 0 0 0 0 0 0 0 0 0 0 0 0 0 0 0 0 0 0 0 0 0 0 0 0 0 0 0 0 0 0 0 0 0 0 0 0 0 0 0 0 0 0 0 0 0 0 0 0 0 0 0 0 0 0 0 0 0 0 0 0 0 0 0 0 0 0 0 0 0 0 0 0 0 0 0 0 0 0 0 0 0 0 0 0 0 0 0 0 0 0 0 0 0 0 0 0 0 0 0
9948227445513 0 13770206744964 0 11283149883586 0 10039621452897 0 13815903748656 0 11305998385432 0 10051045703820 0 9423569363014 0 9109831192611 0 13351008618513 0 15471597331464 0 12133845176836 0 10464969099522 0 9630531060865 0 13611358552640 0 11203725787424 0 9999909404816 0 9398001213512 0 9097047117860 0 8946570070034 0 8871331546121 0 13231758795268 0 11013925908738 0 9905009465473 0 13748597754944 0 11272345388576 0 10034219205392 0 9415156113800 0 9105624568004 0 8950858795106 0 8873475908657 0 13232830976536 0 11014461999372 0 9905277510790 0 9350685266499 0 13471435655457 0 15531810849936 0 12163951936072 0 10480022479140 0 9638057750674 0 9217075386441 0 13404630715428 0 11100361868818 0 17592186044415 0 0 0 0 0 0 0 0 0 0 0 0 0 0 0 0 0 0 0 0 0 0 0 0 0 0 0 0 0 0 0 0 0 0 0 0 0 0 0 0 0 0 0 0 0 0 0 0 0 0 0 0 0 0 0 0 0 0 0 0 0 0 0 0 0 0 0 0 0 0 0 0 0 0 0 0 0 0 0 0 0 0 0 0 0 0 0 0 0 0 0 0 0 0 0 0 0 0 0 0 0 0 0 0 0 0 0 0 0 0 0 0 0 0 0 0 0 0 0 0 0 0 0 0 0 0 0 0 0 0 0 0 0 0 0 0 0 0 0 0 0 0 0 0 0 0 0 0 0 0 0 0 0 0 0 0 0 0 0 0 0 0 0 0 0 0 0 0 0
213376283248707 0 247425629979681 0 264450303345168 0 202593895850248 0 171665692102788 0 156201590229058 0 148469539292193 0 214972258001424 0 177854873178376 0 159296180766852 0 150016834561090 0 145377161458209 0 213426069084432 0 177081778719880 0 158909633537604 0 149823560946466 0 145280524650897 0 213377750680776 0 177057619518052 0 158897553936690 0 149817521146009 0 215646248928332 0 178191868641830 0 159464678498579 0 220469827604617 0 250972402157636 0 195854945256482 0 168296216805905 0 224885596758280 0 182811542556804 0 161774515456066 0 151256001905697 0 216365489308176 0 178551488831752 0 159644488593540 0 150190988474434 0 145464238414881 0 213469607562768 0 177103547959048 0 158920518157188 0 149829003256258 0 145283245805793 0 213379111258224 0 177058299806776 0 158897894081052 0 149817691218190 0 145277589786759 0 281474976710655 0 0 0 0 0 0 0 0 0 0 0 0 0 0 0 0 0 0 0 0 0 0 0 0 0 0 0 0 0 0 0 0 0 0 0 0 0 0 0 0 0 0 0 0 0 0 0 0 0 0 0 0 0 0 0 0 0 0 0 0 0 0 0 0 0 0 0 0 0 0 0 0 0 0 0 0 0 0 0 0 0 0 0 0 0 0 0 0 0 0 0 0 0 0 0 0 0 0 0 0 0 0 0 0 0 0 0 0 0 0 0 0 0 0 0 0 0 0 0 0 0 0 0 0 0 0 0 0 0 0 0 0 0 0 0 0 0 0 0 0 0 0 0 0 0 0 0 0 0 0 0 0 0 0 0 0 0 0 0 0 0
9335540914672929 0 13674969712077456 0 11341084483409224 0 10174141869075108 0 9590670561908050 0 9298934908324521 0 13656666708903252 0 11331932981822122 0 10169566118281557 0 14091982313881770 0 11549590784311381 0 14781994646896682 0 11894596950818837 0 14954497730150410 0 11980848492445701 0 14997623500963842 0 12002411377852417 0 15008404943667200 0 12007802099204096 0 10507500676972544 0 9757349965856768 0 9382274610298880 0 9194736932519936 0 9100968093630464 0 9054083674185728 0 9030641464463360 0 9018920359602176 0 9013059807171584 0 9010129530956288 0 9008664392848640 0 9007931823794816 0 9007565539267904 0 9007382397004448 0 9007290825872720 0 9007245040306856 0 9007222147523924 0 9007210701132458 0 9007204977936725 0 13510801743709354 0 11259000499225173 0 14636699504353578 0 11821949379547285 0 14918173944514634 0 11962686599627813 0 14988542554554898 0 11997870904647945 0 15006134707064964 0 12006666980902978 0 10506933117821985 0 14260665813651984 0 11633932534196488 0 10320565894468740 0 9663882574604866 0 18014398509481983 0 0 0 0 0 0 0 0 0 0 0 0 0 0 0 0 0 0 0 0 0 0 0 0 0 0 0 0 0 0 0 0 0 0 0 0 0 0 0 0 0 0 0 0 0 0 0 0 0 0 0 0 0 0 0 0 0 0 0 0 0 0 0 0 0 0 0 0 0 0 0 0 0 0 0 0 0 0 0 0 0 0 0 0 0 0 0 0 0 0 0 0 0 0 0 0 0 0 0 0 0 0 0 0 0 0 0 0 0 0 0 0 0 0 0 0 0 0 0 0 0 0 0 0 0 0 0 0 0 0 0 0 0 0 0 0 0 0 0 0 0 0 0 0 0 0 0 0 0
648853748978337801 0 900887626792592388 0 738674189548007938 0 657567470925715713 0 905244487766281344 0 740852620034852416 0 658656686169137952 0 617558719236280720 0 597009735769852104 0 586735244036637796 0 581597998170030642 0 579029375236727065 0 865975439921787020 0 721218096112605254 0 648839424208014371 0 900880464407430673 0 1026900984507138824 0 801680868405281156 0 689070810354352322 0 632765781328887905 0 892843642967867440 0 734652197635645464 0 655556474969534476 0 616008613636478982 0 596234682969951235 0 874578093788399105 0 1013749799197623040 0 795105275750523264 0 685783014026973376 0 631121883165198432 0 603791317734310960 0 590126035018867224 0 583293393661145356 0 579877072982284422 0 578168912642853955 0 865545208624850465 0 1009233356615848720 0 792847054459636104 0 684653903381529796 0 630557327842476642 0 603509040072950065 0 878215272339898520 0 727338012321661004 0 651899382312542246 0 614180067307982867 0 883550785957414921 0 1018236145282130948 0 797348448792777218 0 686904600548100353 0 919913052577473664 0 748186902440448576 0 662323827371936032 0 619392289837679760 0 597926521070551624 0 587193636686987556 0 581827194495205522 0 579143973399314505 0 866032739003080740 0 721246745653252114 0 1152921504606846975 0 0 0 0 0 0 0 0 0 0 0 0 0 0 0 0 0 0 0 0 0 0 0 0 0 0 0 0 0 0 0 0 0 0 0 0 0 0 0 0 0 0 0 0 0 0 0 0 0 0 0 0 0 0 0 0 0 0 0 0 0 0 0 0 0 0 0 0 0 0 0 0 0 0 0 0 0 0 0 0 0 0 0 0 0 0 0 0 0 0 0 0 0 0 0 0 0 0 0 0 0 0 0 0 0 0 0 0 0 0 0 0 0 0 0 0 0 0 0 0 0 0 0 0 0 0 0 0 0 0 0 0 0 0 0 0 0
3026912664742846485 0 3819299341585117194 0 3062571175399405573 0 3837128596913396738 0 3071485803063545345 0 3841585910745466624 0 3073714459979580288 0 2689778734596637120 0 2497810871905165536 0 2401826940559429744 0 2353834974886561848 0 2329838992050127900 0 2317841000631910926 0 2311842004922802439 0 3461764011675095171 0 4036725015051241537 0 4324205516739314720 0 3315024262976504336 0 2810433636095099144 0 2558138322654396548 0 2431990665934045250 0 2368916837573869601 0 3490301428000628752 0 2898072218607161352 0 2601957613910427652 0 2453900311562060802 0 2379871660387877377 0 3495778839407632640 0 2900810924310663296 0 2603326966762178624 0 2454584987987936288 0 2380213998600815120 0 2343028503907254536 0 2324435756560474244 0 2315139382887084098 0 2310491196050389025 0 3461088607238888464 0 2883465808226291208 0 2594654408719992580 0 2450248708966843266 0 2378045859090268609 0 3494865938758828256 0 2900354473986261104 0 2603098741599977528 0 2454470875406835740 0 2380156942310264846 0 2342999975761979399 0 3477342997094683651 0 4044514507761035777 0 4328100263094211840 0 3316971636153952896 0 2811407322683823424 0 2558625165948758688 0 2432234087581226320 0 2369038548397460136 0 2337440778805577044 0 2321641894009635498 0 2313742451611664725 0 3462714235019526314 0 2884278622116610133 0 3747982320271999018 0 4611686018427387903 0 0 0 0 0 0 0 0 0 0 0 0 0 0 0 0 0 0 0 0 0 0 0 0 0 0 0 0 0 0 0 0 0 0 0 0 0 0 0 0 0 0 0 0 0 0 0 0 0 0 0 0 0 0 0 0 0 0 0 0 0 0 0 0 0 0 0 0 0 0 0 0 0 0 0 0 0 0 0 0 0 0 0 0 0 0 0 0 0 0 0 0 0 0 0 0 0 0 0 0 0 0 0 0 0 0 0 0 0 0 0 0 0 0 0 0 0 0 0 0 0 0 0 0 0 0 0 0 0 0 0 0 0
891783683644613385 9 9669263878677082500 12 4834631939338541250 10 2417315969669270625 9 10432030021689411120 12 5216015010844705560 10 2608007505422352780 9 10527375789565952198 8 5263687894782976099 8 2631843947391488049 12 1315921973695744024 14 657960986847872012 11 9552352530278711814 9 13999548301994131715 8 6999774150997065857 12 3499887075498532928 14 1749943537749266464 11 10098343805729409040 9 14272543939719480328 8 7136271969859740164 8 3568135984929870082 8 1784067992464935041 8 892033996232467520 12 446016998116233760 10 223008499058116880 9 9334876286383834248 8 4667438143191917124 8 2333719071595958562 8 1166859535797979281 8 583429767898989640 12 291714883949494820 10 145857441974747410 9 9296300757842149513 8 4648150378921074756 12 2324075189460537378 10 1162037594730268689 9 9804390834219910152 12 4902195417109955076 10 2451097708554977538 9 10448920891132264577 8 5224460445566132288 12 2612230222783066144 10 1306115111391533072 9 9876429592550542344 8 4938214796275271172 8 2469107398137635586 8 1234553699068817793 8 617276849534408896 12 308638424767204448 10 154319212383602224 9 9300531643046576920 8 4650265821523288460 8 2325132910761644230 8 1162566455380822115 8 581283227690411057 12 290641613845205528 14 145320806922602764 11 9296032440316077190 9 13871388257012814403 8 6935694128506407201 12 3467847064253203600 14 1733923532126601800 11 10090333802918076708 9 14268538938313814162 8 7134269469156907081 8 3567134734578453540 12 1783567367289226770 10 18446744073709551615 15 0 0 0 0 0 0 0 0 0 0 0 0 0 0 0 0 0 0 0 0 0 0 0 0 0 0 0 0 0 0 0 0 0 0 0 0 0 0 0 0 0 0 0 0 0 0 0 0 0 0 0 0 0 0 0 0 0 0 0 0 0 0 0 0 0 0 0 0 0 0 0 0 0 0 0 0 0 0 0 0 0 0 0 0 0 0 0 0 0 0 0 0 0 0 0 0 0 0 0 0 0 0 0 0 0 0 0 0 0 0 0 0 0 0 0 0 0 0 0 0
9448978732376441091 192 4724489366188220545 224 2362244683094110272 240 1181122341547055136 184 590561170773527568 156 295280585386763784 142 147640292693381892 135 9297192183201466754 131 13871968128455509185 129 16159356101082530400 192 8079678050541265200 160 4039839025270632600 144 2019919512635316300 136 1009959756317658150 132 504979878158829075 130 252489939079414537 193 9349617006394483076 224 4674808503197241538 176 2337404251598620769 152 1168702125799310384 204 584351062899655192 166 292175531449827596 147 9369459802579689606 137 13908101938144620611 132 6954050969072310305 194 3477025484536155152 225 10961884779122853384 176 5480942389561426692 152 2740471194780713346 140 1370235597390356673 134 685117798695178336 195 9565930936202364976 161 14006337504955958296 144 7003168752477979148 136 3501584376238989574 132 1750792188119494787 130 875396094059747393 193 9661070083884649504 224 4830535041942324752 176 2415267520971162376 152 1207633760485581188 140 603816880242790594 134 301908440121395297 131 9374326256915473456 193 13910535165312512536 160 6955267582656256268 144 3477633791328128134 136 1738816895664064067 132 869408447832032033 194 434704223916016016 225 9440724148812783816 176 4720362074406391908 152 2360181037203195954 140 1180090518601597977 134 590045259300798988 195 9518394666505175302 161 13982569370107363459 144 6991284685053681729 200 3495642342526840864 228 1747821171263420432 178 873910585631710216 153 9660327329670630916 140 4830163664835315458 134 2415081832417657729 131 10430912953063604672 193 14438828513386578144 160 7219414256693289072 144 3609707128346644536 136 1804853564173322268 132 902426782086661134 130 451213391043330567 129 18446744073709551615 255 0 0 0 0 0 0 0 0 0 0 0 0 0 0 0 0 0 0 0 0 0 0 0 0 0 0 0 0 0 0 0 0 0 0 0 0 0 0 0 0 0 0 0 0 0 0 0 0 0 0 0 0 0 0 0 0 0 0 0 0 0 0 0 0 0 0 0 0 0 0 0 0 0 0 0 0 0 0 0 0 0 0 0 0 0 0 0 0 0 0 0 0 0 0 0 0 0 0 0 0 0 0 0 0 0 0 0 0 0 0 0 0
72761487722152111 980 36380743861076055 1002 18190371930538027 1013 9232467222820044821 1018 4616233611410022410 1021 11531488842559787013 766 5765744421279893506 895 12106244247494722561 703 15276494160602137088 863 16861619117155844352 687 17654181595432697984 599 18050462834571124800 555 18248603454140338208 533 18347673763924944912 522 9173836881962472456 517 13810290477836012036 514 6905145238918006018 513 12675944656313778817 512 6337972328156889408 768 3168986164078444704 640 1584493082039222352 576 792246541019611176 544 396123270509805588 528 198061635254902794 520 99030817627451397 516 49515408813725698 770 24757704406862849 641 9235750889058207232 832 4617875444529103616 672 2308937722264551808 592 1154468861132275904 552 577234430566137952 532 288617215283068976 522 144308607641534488 517 9295526340675543052 514 4647763170337771526 513 11547253622023661571 512 5773626811011830785 768 2886813405505915392 896 1443406702752957696 704 721703351376478848 608 360851675688239424 560 180425837844119712 536 90212918922059856 524 45106459461029928 518 22553229730514964 515 9234648651720033290 513 13840696362714792453 512 6920348181357396226 768 3460174090678698113 640 1730087045339349056 832 865043522669674528 672 432521761334837264 592 216260880667418632 552 108130440333709316 532 54065220166854658 522 27032610083427329 517 9236888341896489472 770 4618444170948244736 641 11532594122328898176 576 5766297061164449088 544 2883148530582224544 528 1441574265291112272 520 720787132645556136 516 360393566322778068 514 180196783161389034 513 9313470428435470325 512 4656735214217735162 768 2328367607108867581 640 1164183803554433790 832 582091901777216895 672 291045950888608447 848 145522975444304223 936 18446744073709551615 1023 0 0 0 0 0 0 0 0 0 0 0 0 0 0 0 0 0 0 0 0 0 0 0 0 0 0 0 0 0 0 0 0 0 0 0 0 0 0 0 0 0 0 0 0 0 0 0 0 0 0 0 0 0 0 0 0 0 0 0 0 0 0 0 0 0 0 0 0 0 0 0 0 0 0 0 0 0 0 0 0 0 0 0 0 0 0 0 0 0 0 0 0 0 0 0 0 0 0 0 0 0 0 0 0 0 0 0 0
2324719462454165907 51585 10385731768081858761 58560 5192865884040929380 62048 2596432942020464690 47408 1298216471010232345 40088 649108235505116172 52812 324554117752558086 42790 162277058876279043 37779 9304510566292915329 51657 13875627320001233472 58596 6937813660000616736 45682 3468906830000308368 39225 10957825451854929992 35996 5478912725927464996 34382 2739456362963732498 33575 10593100218336642057 33171 14519922146023096836 49353 16483333109866324226 41060 8241666554933162113 36914 4120833277466581056 51225 11283788675588066336 41996 5641894337794033168 37382 2820947168897016584 35075 10633845621303284100 33921 14540294847506417858 33344 7270147423753208929 33056 3635073711876604464 49296 1817536855938302232 41032 908768427969151116 36900 454384213984575558 34834 227192106992287779 33801 9336968090350919697 49668 4668484045175459848 57602 2334242022587729924 45185 10390493048148640770 38976 5195246524074320385 35872 2597623262037160192 50704 1298811631018580096 41736 649405815509290048 37252 324702907754645024 35010 162351453877322512 33889 9304547763793437064 33328 4652273881896718532 33048 2326136940948359266 32908 1163068470474179633 32838 581534235237089816 49187 9514139154473320716 40977 13980441614091436166 36872 6990220807045718083 34820 3495110403522859041 50178 1747555201761429520 57857 10097149637735490568 45312 5048574818867745284 39040 2524287409433872642 35904 1262143704716936321 34336 631071852358468160 49936 315535926179234080 41352 157767963089617040 37060 78883981544808520 34914 39441990772404260 33841 9243093032240977938 33304 4621546516120488969 33036 2310773258060244484 49286 1155386629030122242 41027 9801065351369836929 36897 14123904712539694272 51216 7061952356269847136 41992 3530976178134923568 37380 1765488089067461784 35074 882744044533730892 33921 9664744059121641254 33344 4832372029560820627 33056 2416186014780410313 49296 1208093007390205156 57416 604046503695102578 45092 302023251847551289 38930 151011625923775644 52233 9298877849816663630 42500 4649438924908331815 37634 18446744073709551615 65535 0 0 0 0 0 0 0 0 0 0 0 0 0 0 0 0 0 0 0 0 0 0 0 0 0 0 0 0 0 0 0 0 0 0 0 0 0 0 0 0 0 0 0 0 0 0 0 0 0 0 0 0 0 0 0 0 0 0 0 0 0 0 0 0 0 0 0 0 0 0 0 0 0 0 0 0 0 0 0 0 0 0 0 0 0 0 0 0 0 0 0 0 0 0 0 0
9512034624190120521 599064 4756017312095060260 823820 2378008656047530130 674054 1189004328023765065 599171 9817874200866658340 823873 14132309137288104978 674080 7066154568644052489 599184 3533077284322026244 823880 1766538642161013122 674084 883269321080506561 599186 441634660540253280 823881 9444189367124902448 674084 4722094683562451224 599186 2361047341781225612 561737 10403895707745388614 543012 5201947853872694307 533650 2600973926936347153 791113 10523859000322949384 919844 5261929500161474692 722066 2630964750080737346 623177 10538854411895144481 573732 5269427205947572240 811154 2634713602973786120 667721 10540728838341668868 596004 5270364419170834434 560146 2635182209585417217 542217 10540963141647484416 795396 5270481570823742208 659842 2635240785411871104 592065 10540992429560711360 558176 5270496214780355680 541232 2635248107390177840 532760 1317624053695088920 528524 658812026847544460 526406 329406013423772230 525347 9388075043566661923 524817 13917409558638106769 786696 6958704779319053384 917636 3479352389659526692 720962 1739676194829763346 622625 10093210134269657481 573456 5046605067134828740 811016 2523302533567414370 667652 1261651266783707185 595970 630825633391853592 822273 9538784853550702604 673280 4769392426775351302 598784 2384696213387675651 561536 1192348106693837825 805056 596174053346918912 926816 298087026673459456 725552 149043513336729728 624920 74521756668364864 574604 37260878334182432 549446 18630439167091216 536867 9232687256438321416 530577 13839715665073936516 527432 6919857832536968258 525860 3459928916268484129 525074 1729964458134242064 786825 10088354265921896840 655556 5044177132960948420 589922 2522088566480474210 557105 10484416320095012913 540696 5242208160047506456 794636 2621104080023753228 659462 1310552040011876614 591875 9878648056860714115 558081 14162696065285132865 803328 7081348032642566432 925952 3540674016321283216 725120 1770337008160641608 624704 885168504080320804 574496 442584252040160402 549392 221292126020080201 536840 110646063010040100 792708 55323031505020050 658498 27661515752510025 591393 9237202794731030820 819984 4618601397365515410 672136 2309300698682757705 598212 1154650349341378852 823394 577325174670689426 673841 18446744073709551615 1048575 0 0 0 0 0 0 0 0 0 0 0 0 0 0 0 0 0 0 0 0 0 0 0 0 0 0 0 0 0 0 0 0 0 0 0 0 0 0 0 0 0 0 0 0 0 0 0 0 0 0 0 0 0 0 0 0 0 0 0 0 0 0 0 0 0 0 0 0 0 0 0 0 0 0 0 0 0 0 0 0 0 0 0 0 0 0 0 0
90434874337003019 54624592 45217437168501509 60866728 22608718584250754 63987796 11304359292125377 48771114 5652179646062688 57939989 9226198126677807152 45747210 4613099063338903576 39650821 11529921568524227596 36602626 5764960784262113798 35078529 12105852428985832707 34316480 6052926214492916353 50712672 3026463107246458176 58910768 1513231553623229088 46232600 756615776811614544 39893516 378307888405807272 36723974 189153944202903636 35139203 9317949008956227626 34346817 13882346541332889621 33950624 6941173270666444810 50529744 3470586635333222405 42042088 1735293317666611202 54575476 867646658833305601 44064954 433823329416652800 55586909 9440283701563102208 44570670 4720141850781551104 39062551 11583442962245551360 36308491 15015093517977551488 34931461 16730918795843551552 34242946 8365459397921775776 33898689 13406101735815663696 33726560 6703050867907831848 33640496 3351525433953915924 33597464 1675762716976957962 33575948 837881358488478981 33565190 418940679244239490 50337027 9432842376476895553 41945729 13939793225093223584 54527296 6969896612546611792 44040864 3484948306273305896 38797648 1742474153136652948 36176040 871237076568326474 34865236 435618538284163237 34209834 217809269142081618 50659349 9332276671425816617 42106890 4666138335712908308 54607877 11556441204711229962 44081154 5778220602355614981 38817793 12112482338032583298 52963328 6056241169016291649 43258880 3028120584508145824 55183872 1514060292254072912 44369152 757030146127036456 38961792 378515073063518228 36258112 189257536531759114 34906272 94628768265879557 34230352 47314384132939778 50669608 23657192066469889 42112020 11828596033234944 54610442 5914298016617472 44082437 9226329185863084544 38818434 4613164592931542272 36186433 11529954333320546944 34870432 5764977166660273472 34212432 2882488583330136736 33883432 1441244291665068368 33718932 720622145832534184 33636682 360311072916267092 33595557 9403527573312909354 33574994 4701763786656454677 33564713 11574253930183003146 50336788 5787126965091501573 41945610 2893563482545750786 54527237 10670153778127651201 44040834 5335076889063825600 55574849 11890910481386688608 44564640 5945455240693344304 39059536 2972727620346672152 36306984 1486363810173336076 34930708 743181905086668038 34242570 371590952543334019 33898501 9409167513126442817 50503682 4704583756563221408 58806273 11575663915136386512 46180352 5787831957568193256 39867392 2893915978784096628 36710912 1446957989392048314 35132672 723478994696024157 34343552 361739497348012078 50726208 180869748674006039 42140320 18446744073709551615 67108863 0 0 0 0 0 0 0 0 0 0 0 0 0 0 0 0 0 0 0 0 0 0 0 0 0 0 0 0 0 0 0 0 0 0 0 0 0 0 0 0 0 0 0 0 0 0 0 0 0 0 0 0 0 0 0 0 0 0 0 0 0 0 0 0 0 0 0 0 0 0 0 0 0 0 0 0
9224216483335373999 16450126978 4612108241667686999 16814998081 11529426157688619307 16997433632 5764713078844309653 17088651408 2882356539422154826 17134260296 1441178269711077413 12862097444 720589134855538706 15020983314 360294567427769353 11805458953 9403519320568660484 14492664068 4701759660284330242 11541299330 2350879830142165121 10065616961 10398811951925858368 13622743072 5199405975962929184 11106338832 2599702987981464592 9848136712 1299851493990732296 9219035652 649925746995366148 8904485122 324962873497683074 8747209857 9385853473603617345 8668572224 4692926736801808672 12924220704 2346463368400904336 10757077648 1173231684200452168 9673506120 586615842100226084 9131720356 293307921050113042 8860827474 146653960525056521 8725381033 9296699017117304068 12952625108 4648349508558652034 10771279850 2324174754279326017 9680607221 10385459413994438816 13430238202 5192729706997219408 11010086397 11819736890353385512 9800010494 5909868445176692756 9194972543 12178306259443122186 8892453567 15312525166576336901 8741194079 16879634620142944258 12960531631 17663189346926247937 10775233111 18054966710317899776 13977551147 18250855392013725696 11283742869 18348799732861638656 9936838730 9174399866430819328 9263386661 13810571970070185472 8926660626 6905285985035092736 8758297609 12676015029372322176 8674116100 6338007514686161088 8632025346 3169003757343080544 8610979969 10807873915526316080 8600457280 5403936957763158040 8595195936 2701968478881579020 8592565264 1350984239440789510 8591249928 675492119720394755 8590592260 337746059860197377 12885230722 168873029930098688 15032549953 9307808551819825152 11811242272 4653904275909912576 10200588432 2326952137954956288 9395261512 1163476068977478144 8992598052 581738034488739072 8791266322 290869017244369536 8690600457 9368806545476960576 8640267524 4684403272738480288 8615101058 2342201636369240144 8602517825 10394472855039395880 8596226208 5197236427519697940 8593080400 2598618213759848970 8591507496 1299309106879924485 8590721044 649654553439962242 12885295114 324827276719981121 10737614853 9385785675214766368 13958742018 4692892837607383184 11274338305 11569818455658467400 9932136448 5784909227829233700 9261035520 2892454613914616850 8925485056 1446227306957308425 8757709824 723113653478654212 12968789504 361556826739327106 10779362048 180778413369663553 9684648320 90389206684831776 13432258752 45194603342415888 11011096672 22597301671207944 9800515632 11298650835603972 9195225112 5649325417801986 8892579852 2824662708900993 8741257222 1412331354450496 12960563203 9224078202532001056 10775248897 13835411138120776336 9682591744 6917705569060388168 9136263168 3458852784530194084 8863098880 1729426392265097042 8726516736 864713196132548521 8658225664 432356598066274260 12919047424 216178299033137130 10754491008 108089149516568565 9672212800 54044574758284282 13426040992 27022287379142141 11007987792 13511143689571070 14093928488 6755571844785535 11341931540 3377785922392767 14260900362 1688892961196383 15720384773 18446744073709551615 17179869183 0 0 0 0 0 0 0 0 0 0 0 0 0 0 0 0 0 0 0 0 0 0 0 0 0 0 0 0 0 0 0 0 0 0 0 0 0 0 0 0 0 0 0 0 0 0 0 0 0 0 0 0 0 0 0 0 0 0 0 0
189520624584261665 141738893344 94760312292130832 208308400144 47380156146065416 172873676808 23690078073032708 155156315140 11845039036516354 146297634306 5922519518258177 141868293889 9226333296613904896 208373100416 4613166648306952448 172906026944 2306583324153476224 155172490208 1153291662076738112 146305721840 576645831038369056 141872337656 288322915519184528 139655645564 144161457759592264 138547299518 72080728879796132 137993126495 9259412401294673874 137716039983 13853078237502112745 137577496727 16149911155605832180 206227701835 17298327614657691898 171833327653 17872535844183621757 154636140562 8936267922091810878 214757023753 13691505997900681247 176097988612 6845752998950340623 225487947778 3422876499475170311 250182927361 10934810286592360963 262530417152 5467405143296180481 268704162048 2733702571648090240 271791034496 1366851285824045120 204614993984 683425642912022560 171026973728 341712821456011280 154232963600 170856410728005640 145835958536 85428205364002820 141637456004 42714102682001410 139538204738 21357051341000705 138488579105 9234050562525276160 206683243024 4617025281262638080 172061098248 2308512640631319040 154750025860 1154256320315659520 146094489666 577128160157829760 141766721569 9511936116933690688 139602837520 4755968058466845344 138520895496 2377984029233422672 137979924484 1188992014616711336 137709438978 594496007308355668 137574196225 9520620040508953642 137506574848 4760310020254476821 137472764160 2380155010127238410 206175335552 1190077505063619205 171807144512 595038752531809602 223342525728 297519376265904801 180390739600 148759688132952400 227634323272 74379844066476200 182536638372 37189922033238100 159987795922 18594961016619050 148713374697 9232669517363085333 143076164084 4616334758681542666 208977035514 2308167379340771333 173207994493 10377455726525161474 224042950718 5188727863262580737 180740952095 11817735968486066176 227809429519 15132240021097808896 182624191495 16789492047403680256 160031572483 17618118060556615936 148735262977 18032431067133083776 143087108224 9016215533566541888 140263030848 4508107766783270944 138850992160 2254053883391635472 138144972816 1127026941695817736 137791963144 563513470847908868 137615458308 281756735423954434 137527205890 140878367711977217 137483079681 9293811220710764416 206180493312 4646905610355382208 171809723392 2323452805177691104 154624338432 1161726402588845552 146031645952 580863201294422776 141735299712 290431600647211388 139587126592 145215800323605694 138513040032 72607900161802847 137975996752 36303950080901423 206426951848 18151975040450711 240652429396 9075987520225355 257765168170 4537993760112677 266321537557 9225641033734832146 270599722250 4612820516867416073 204019337861 11529782295288483844 239448622402 5764891147644241922 188443787937 12105817610676896769 162941370704 6052908805338448384 218909638824 3026454402669224192 178174296148 1513227201334612096 157806624810 756613600667306048 147622789141 9601678837188428832 142530871306 4800839418594214416 139984912389 11623791746151883016 138711932930 5811895873075941508 138075443201 12129319973392746562 137757198336 6064659986696373281 137598075904 3032329993348186640 206237991424 1516164996674093320 171838472448 758082498337046660 154638712960 379041249168523330 146038833216 18446744073709551615 274877906943 0 0 0 0 0 0 0 0 0 0 0 0 0 0 0 0 0 0 0 0 0 0 0 0 0 0 0 0 0 0 0 0 0 0 0 0 0 0 0 0 0 0 0 0 0 0 0 0 0 0 0 0
9566526321949946051 837720098944 4783263160974973025 968615863360 2391631580487486512 1034063745568 1195815790243743256 791909779728 597907895121871628 670832796808 298953947560935814 610294305348 149476973780467907 580025059618 74738486890233953 839768343697 9260741280299892784 969639985736 4630370640149946392 759697899812 2315185320074973196 654726856850 1157592660037486598 602241335369 9802168366873519107 575998574628 4901084183436759553 837755101202 2450542091718379776 968633364489 10448643082713965696 759194589188 5224321541356982848 654475201538 2612160770678491424 602115507713 10529452422194021520 575935660800 5264726211097010760 562845737344 2632363105548505380 556300775616 1316181552774252690 553028294752 658090776387126345 551392054320 329045388193563172 825451841048 164522694096781586 687603827468 82261347048390793 618679820678 41130673524195396 859095724227 9243937373616873506 704425769057 13845340723663212561 627090791472 6922670361831606280 863301209624 3461335180915803140 706528511756 1730667590457901570 628142162822 865333795228950785 588948988355 9656038934469251200 844230308065 14051391504089401408 696993060976 7025695752044700704 623374437432 3512847876022350352 586565125660 1756423938011175176 568160469774 878211969005587588 558958141831 9662478021357569602 554356977859 14054611047533560609 552056395873 16250677560621556112 825784011824 8125338780310778056 687769912856 4062669390155389028 618762863372 2031334695077694514 584259338630 1015667347538847257 567007576259 9731205710624199436 833259602017 14088974892166875526 691507707952 7044487446083437763 620631760920 3522243723041718881 860071694348 1761121861520859440 979791661062 880560930760429720 764773737475 9663652502234990668 657264775681 14055198287972271142 603510294784 7027599143986135571 576633054336 3513799571993067785 838072341056 1756899785996533892 968791984416 878449892998266946 759273899152 439224946499133473 654514856520 219612473249566736 877013242148 109806236624783368 713384528018 54903118312391684 631570170953 9250823596010971650 590662992420 4625411798005485825 570209403154 2312705899002742912 834860515465 10379724986356147264 692308164676 5189862493178073632 621031989282 2594931246589036816 585393901585 10520837660149294216 567574857736 5260418830074647108 558665335812 2630209415037323554 554210574850 1315104707518661777 551983194369 9880924390614106696 825747411072 4940462195307053348 687751612480 2470231097653526674 618753713184 1235115548826763337 584254763536 617557774413381668 841883195656 308778887206690834 695819504772 154389443603345417 622787659330 77194721801672708 861149643553 9261969397755612162 705452728720 4630984698877806081 627604271304 2315492349438903040 863557949540 1157746174719451520 706656881714 578873087359725760 628206347801 9512808580534638688 588981080844 4756404290267319344 569368447366 2378202145133659672 559562130627 10412473109421605644 554658972257 14429608591565578630 552207393072 7214804295782789315 550981603480 3607402147891394657 825246615628 1803701073945697328 962379121702 901850536972848664 756067467795 9674297305341200140 652911640841 14060520689525375878 601333727364 7030260344762687939 575544770626 3515130172381343969 837528199201 10980937123045447792 968519913488 5490468561522723896 759137863688 2745234280761361948 654446838788 1372617140380680974 602101326338 686308570190340487 575928570113 18446744073709551615 1099511627775 0 0 0 0 0 0 0 0 0 0 0 0 0 0 0 0 0 0 0 0 0 0 0 0 0 0 0 0 0 0 0 0 0 0 0 0 0 0 0 0 0 0 0 0 0 0 0 0
3573817973733065481 9947179928592 1786908986866532740 13769682986504 893454493433266370 11282888004356 446727246716633185 10039490513282 223363623358316592 13815838278849 9335053848533934104 11305965650528 4667526924266967052 10051029336368 2333763462133483526 9423561179288 1166881731066741763 9109827100748 583440865533370881 13351006572582 291720432766685440 15471596308499 9369232253238118528 12133844665353 13907988163473835072 10464968843780 6953994081736917536 9630530932994 3476997040868458768 9213311977601 10961870557289005192 9004702499904 5480935278644502596 8900397761056 2740467639322251298 8848245391632 1370233819661125649 8822169206920 685116909830562824 13207177625668 342558454915281412 11001635323938 171279227457640706 9898864173073 9309011650583596161 9347478597640 4654505825291798080 13469832321028 2327252912645899040 11132962671618 1163626456322949520 9964527846913 9805185265016250568 9380310434560 4902592632508125284 9088201728384 2451296316254062642 8942147375296 1225648158127031321 8869120198752 612824079063515660 13230653121584 306412039531757830 11013373071896 153206019765878915 9904733047052 76603009882939457 13748459545734 38301504941469728 15670322795075 9242522789325510672 12233207908641 13844633431517531144 10514650465424 6922316715758765572 9655371743816 3461158357879382786 9225732383012 1730579178939691393 9010912702610 865289589469845696 13301549373513 9656016831589698656 11048821197860 4828008415794849328 9922457110034 2414004207897424664 9359275066121 10430374140803488140 9077684044164 5215187070401744070 8936888533186 2607593535200872035 8866490777697 10527168804455211825 13229338411056 5263584402227605912 15410762227736 2631792201113802956 12103427624972 1315896100556901478 10449760323590 657948050278450739 9622926672899 9552346061994001177 13607556358657 13999545067851776396 15599871201536 6999772533925888198 12197982111872 3499886266962944099 10497037567040 1749943133481472049 14044611805728 874971566740736024 15818398925072 437485783370368012 12307245973640 218742891685184006 10551669497924 109371445842592003 9673881260066 54685722921296001 13633033652241 9250714898315423808 15612609848328 4625357449157711904 12204351435268 2312678724578855952 10500222228738 1156339362289427976 9648157625473 9801541717999489796 9222125323840 4900770858999744898 9009109173024 2450385429499872449 8902601097616 1225192714749936224 13247393571016 612596357374968112 11021743296612 306298178687484056 9908918159410 153149089343742028 9352505590809 9299946581526646822 9074299306508 4649973290763323411 8935196164358 2324986645381661705 13263691104387 10385865359545606660 15427938574401 14416304716627579138 12112015798304 7208152358313789569 10454054410256 3604076179156894784 14023120227336 1802038089578447392 11409606624772 901019044789223696 10102849823490 450509522394611848 9449471422849 9448626798052081732 9122782222528 4724313399026040866 8959437622368 2362156699513020433 8877765322288 1181078349756510216 13234975683352 590539174878255108 11015534352780 295269587439127554 9905813687494 147634793719563777 9350953354851 9297189433714557696 13471569699633 13871966753712054656 11133831360920 6935983376856027328 9964962191564 3467991688428013664 9380527606886 1733995844214006832 9088310314547 10090369958961779224 8942201668377 14268557016335665420 8869147345292 7134278508167832710 8832620183750 3567139254083916355 8814356602979 11006941663896733985 13203271323697 14726842868803142800 15397728684056 7363421434401571400 12096910853132 3681710717200785700 10446501937670 1840855358600392850 9621297479939 10143799716154972233 9208695251073 14295271894932261924 13400440647744 7147635947466130962 11098266834976 18446744073709551615 17592186044415 0 0 0 0 0 0 0 0 0 0 0 0 0 0 0 0 0 0 0 0 0 0 0 0 0 0 0 0 0 0 0 0 0 0 0 0 0 0 0 0
4611844521446080853 46866700862722 2305922260723040426 58617722520193 10376333167216296021 46901047304512 5188166583608148010 58634895741088 2594083291804074005 46909633914960 1297041645902037002 58639189046312 648520822951018501 46911780567572 324260411475509250 58640262372618 162130205737754625 46912317230725 9304437139723653120 58640530704194 4652218569861826560 46912451396513 11549481321785689088 41048411742672 5774740660892844544 38116391915752 2887370330446422272 36650382002292 1443685165223211136 35917377045562 721842582611605568 35550874567197 9584293328160578592 35367623328014 4792146664080289296 35275997708423 11619445368894920456 35230184898627 15033094721302236036 35207278493729 16739919397505893826 35195825291280 8369959698752946913 35190098690056 4184979849376473456 52779421433860 2092489924688236728 43981896761346 1046244962344118364 39583134425089 9746494518026834990 37383753256960 4873247259013417495 36284062672896 2436623629506708747 53326403425280 1218311814753354373 61847573801472 609155907376677186 66108158989568 304577953688338593 50646265539200 152288976844169296 60507504858432 76144488422084648 47845938473632 38072244211042324 41515155281232 19036122105521162 38349763685032 9518061052760581 36767067886932 4759030526380290 53567906032298 2379515263190145 44376139060565 9224561794486370880 57372441619114 4612280897243185440 46278406853973 11529512485476368528 40731389471402 5764756242738184264 37957880780117 12105750158223867940 36571126434474 6052875079111933970 35877749261653 12249809576410742793 35531060675242 6124904788205371396 52949902426453 12285824430957461506 44067137257642 6142912215478730753 39625754673237 12294828144594141184 54997249425450 6147414072297070592 45090810757141 12297079073003311104 40137591422986 6148539536501655552 37660981755909 12297641805105603584 36422676922370 6148820902552801792 35803524505601 12297782488131176704 35493948297216 6148891244065588352 35339160193024 3074445622032794176 35261766140928 1537222811016397088 35223069114880 768611405508198544 35203720601856 384305702754099272 35194046345344 192152851377049636 35189209217088 96076425688524818 35186790652960 48038212844262409 35185581370896 24019106422131204 52777162774280 12009553211065602 43980767431556 6004776605532801 39582569760194 3002388302766400 54975656968929 9224873231006159008 45080014528880 4612436615503079504 40132193308856 2306218307751539752 37658282698844 1153109153875769876 36421327393838 576554576937884938 35802849741335 9511649325323718277 35493610915083 13979196699516634946 52931177546373 16212970386613093281 44057774817602 8106485193306546640 57213259497633 13276614633508049128 46198815793232 6638307316754024564 40691593941032 3319153658377012282 37937983014932 1659576829188506141 36561177551882 829788414594253070 53464960864773 9638266244151902343 44324666476802 4819133122075951171 57346705327233 11632938597892751393 63857724752448 5816469298946375696 67113234465056 2908234649473187848 51148803276944 1454117324736593924 43166587682888 727058662368296962 39175479885860 363529331184148481 37179925987346 181764665592074240 53774335082505 9314254369650812928 44479353585668 4657127184825406464 39831862837250 2328563592412703232 37508117463041 10387653833061127424 36346244775936 5193826916530563712 35765308432384 2596913458265281856 35474840260608 1298456729132640928 35329606174720 649228364566320464 35256989131776 324614182283160232 35220680610304 162307091141580116 35202526349568 81153545570790058 35193449219200 40576772785395029 35188910654016 20288386392697514 52778827415840 10144193196348757 43981599752336 5072096598174378 57175171965000 2536048299087189 46179772026916 1268024149543594 58274258102290 634012074771797 46729315095561 9223689042892161706 58549029636612 18446744073709551615 70368744177663 0 0 0 0 0 0 0 0 0 0 0 0 0 0 0 0 0 0 0 0 0 0 0 0 0 0 0 0 0 0 0 0 0 0 0 0
16148782366662513931 917735732412416 8074391183331256965 1021817819627520 4037195591665628482 1073858863235072 2018597795832814241 818404408328192 1009298897916407120 972152157585408 504649448958203560 767551055503360 252324724479101780 665250504462336 126162362239550890 614100228941824 63081181119775445 588525091181568 31540590559887722 857212499012096 15770295279943861 710081226216704 7885147639971930 917990566529664 3942573819985965 740470259975488 1971286909992982 933185083409056 985643454996491 748067518415184 492821727498245 936983712628904 246410863749122 1031441809735764 123205431874561 797195881578538 61602715937280 961547894210581 9223402838212744448 762248923815946 4611701419106372224 662599438618629 11529222746407961920 612774696019970 5764611373203980960 587862324720641 12105677723456766288 575406139070976 6052838861728383144 569178046246144 3026419430864191572 566063999833728 1513209715432095786 564506976627520 756604857716047893 563728465024416 378302428858023946 844814185933520 189151214429011973 703882069677416 94575607214505986 914890988260020 47287803607252993 738920470840666 23643901803626496 932410188841645 9235193987756589056 747680071131478 4617596993878294528 655315012276395 11532170533793923072 609132482848853 14989457303751737344 586041218135082 7494728651875868672 574495585778197 12970736362792710144 568722769599754 6485368181396355072 565836361510533 12466056127552953344 564393157465922 6233028063776476672 563671555443617 12339886068743014144 563310754432464 6169943034371507072 563130353926888 3084971517185753536 563040153674100 1542485758592876768 562995053547706 771242879296438384 562972503484509 9608993476502995000 562961228452910 4804496738251497500 562955590937111 11625620405980524558 562952772179211 15036182239845038087 562951362800261 16741463156777294851 844425634821442 8370731578388647425 985162770832033 13408737826049099520 1055531338837328 6704368913024549760 809240646129320 3352184456512274880 686095299775316 1676092228256137440 624522626598314 838046114128068720 593736290009813 9642395093918810168 578343121715562 4821197546959405084 570646537568437 11633970810334478350 566798245494874 5816985405167239175 564874099458093 12131864739438395395 845387003150358 6065932369719197697 985643454996491 12256338221714374656 1055771680919557 15351541147711963136 809360817170434 7675770573855981568 686155385295873 13061257323782766592 624552669358592 6530628661891383296 593751311389952 3265314330945691648 578350632405632 1632657165472845824 570650292913472 816328582736422912 566800123167392 408164291368211456 564875038294352 204082145684105728 563912495857832 102041072842052864 563431224639572 51020536421026432 563190589030442 25510268210513216 563070271225877 9236127170960032416 563010112323594 4618063585480016208 562980032872453 11532403829594783912 562964993146882 5766201914797391956 562957473284097 12106472994253471786 562953713352704 6053236497126735893 562951833387008 3026618248563367946 844425870114816 1513309124281683973 703687911768064 756654562140841986 914793909305344 378327281070420993 738871931363328 189163640535210496 932385919102976 94581820267605248 747667936262144 47290910133802624 655308944841728 23645455066901312 609129449131520 11822727533450656 586039701276416 5911363766725328 574494827348864 2955681883362664 568722390385088 1477840941681332 565836171903200 738920470840666 564393062662256 369460235420333 563671508041784 184730117710166 844785707442204 92365058855083 703867830431758 46182529427541 914883868637191 9223395128119489578 1020391887739907 13835069600914520597 791670920580609 16140906837312036106 958785413711616 8070453418656018053 760867683566464 4035226709328009026 943383795204544 2017613354664004513 753166874312928 1008806677332002256 939533390577776 504403338666001128 751241671999544 252201669333000564 657095812710428 126100834666500282 610022883065870 63050417333250141 586486418243591 9254897245521400878 856193162543107 13850820659615476247 709571557982209 18446744073709551615 1125899906842623 0 0 0 0 0 0 0 0 0 0 0 0 0 0 0 0 0 0 0 0 0 0 0 0 0 0 0 0
1730018892985696643 13943431170315403288 865009446492848321 16195087622012477452 432504723246424160 17320915847861014534 216252361623212080 13272143942357895171 9331498217666381848 11247757989606335489 13889121145687966732 10235565013230555648 6944560572843983366 9729468525042665728 3472280286421991683 9476420280948720768 1736140143210995841 13961582177329136192 868070071605497920 16204163125519343904 434035035802748960 12713767581187059856 217017517901374480 10968569809020917832 108508758950687240 10095970922937846820 54254379475343620 9659671479896311314 27127189737671810 9441521758375543561 9236935631723611713 9332446897615159684 4618467815861805856 13889595485662355650 2309233907930902928 11556483761258565729 10377988990820227272 10389927899056670768 5188994495410113636 9806649967955723288 2594497247705056818 9515011002405249548 1297248623852528409 9369191519630012678 648624311926264204 13907967796669782147 9547684192817907910 11565669916762278977 13997214133263729763 10394520976808527392 6998607066631864881 14420632525259039504 3499303533315932440 16433688299484295560 1749651766657966220 12828530168169535684 874825883328983110 11025951102512155746 437412941664491555 10124661569683465777 9442078507687021585 14285702821696508696 4721039253843510792 16366223447703030156 2360519626921755396 12794797742278902982 1180259813460877698 11009084889566839395 9813501943585214657 10116228463210807601 14130123008647383136 14281486268460179608 7065061504323691568 11752429152657477708 3532530752161845784 10487900594756126758 1766265376080922892 9855636315805451283 10106504724895237254 9539504176330113545 14276624399302394435 9381438106592444676 7138312199651197217 13914091090150998146 3569156099825598608 16180417581930274881 11007950086767575112 12701894809392525344 5503975043383787556 10962633423123650576 2751987521691893778 10093002729989213192 1375993760845946889 9658187383421994500 687996880422973444 14052465728565773058 343998440211486722 11637918882710274433 9395371256960519169 10430645459782525120 4697685628480259584 14438694766746038368 2348842814240129792 11831033401800407088 1174421407120064896 10527202719327591448 587210703560032448 9875287378091183628 293605351780016224 9549329707472979718 146802675890008112 9386350872163877763 9296773374799779864 9304861454509326785 13871758724254665740 9264116745682051296 6935879362127332870 9243744391268413552 3467939681063666435 9233558214061594680 1733969840531833217 13840151143885573148 866984920265916608 16143447608797562382 433492460132958304 12683409822826169095 9440118266921254960 10953390929840472451 13943431170315403288 10088381483347624129 16195087622012477452 9655876760101199968 8097543811006238726 9439624398477987888 4048771905503119363 9331498217666381848 2024385952751559681 13889121145687966732 1012192976375779840 16167932609698759174 506096488187889920 12695652323276767491 9476420280948720768 10959512180065771649 13961582177329136192 10091442108460273728 6980791088664568096 9657407072657524768 3490395544332284048 9440389554756150288 1745197772166142024 9331880795805463048 872598886083071012 9277626416330119428 436299443041535506 9250499226592447618 218149721520767753 9236935631723611713 9332446897615159684 13841839852716581664 4666223448807579842 11532605944785678736 2333111724403789921 10377988990820227272 1166555862201894960 14412366532264889444 583277931100947480 11817869284559832626 291638965550473740 10520620660707304217 9369191519630012678 9871996348781040012 4684595759815006339 9547684192817907910 2342297879907503169 13997214133263729763 10394520976808527392 16221979103486640689 14420632525259039504 12722675570170708248 7210316262629519752 10973023803512742028 3605158131314759876 10098197920183758918 1802579065657379938 9660784978519267363 10124661569683465777 9442078507687021585 14285702821696508696 13944411290698286600 7142851410848254348 11583891663776531204 3571425705424127174 10403631850315653506 1785712852712063587 9813501943585214657 10116228463210807601 14130123008647383136 5058114231605403800 16288433541178467376 2529057115802701900 12755902789016621592 1264528557901350950 10989637412935698700 632264278950675475 10106504724895237254 316132139475337737 14276624399302394435 9381438106592444676 16361684236505973025 13914091090150998146 12792528136680374416 6957045545075499073 11007950086767575112 3478522772537749536 14727347080238563364 1739261386268874768 11975359558546669586 869630693134437384 10599365797700722697 9658187383421994500 9911368917277749252 4829093691710997250 9567370477066262530 2414546845855498625 9395371256960519169 10430645459782525120 13921057665335035392 5215322729891262560 11572214851094905600 2607661364945631280 10397793443974840704 1303830682472815640 9810582740414808256 651915341236407820 9516977388634792032 325957670618203910 9370174712744783920 162978835309101955 9296773374799779864 81489417654550977 13871758724254665740 40744708827275488 16159251398982108678 20372354413637744 12691311717918442243 9233558214061594680 10957341877386609025 13840151143885573148 10090356957120692416 6920075571942786574 9656864496987734112 3460037785971393287 9440118266921254960 18446744073709551615 18446744073709551615
