132121 17
3 5 7 11 13 17 19 23 29 31 37 41 43 47 53 59 61
9 12 10 15 0 0 0 0 0 0 0 0 0 0 0 0 0 0 0 0 0 0 0 0 0 0 0 0 0 0 0 0 0 0 0 0 0 0 0 0 0 0 0 0 0 0 0 0 0 0 0 0 0 0 0 0 0 0 0 0 0 0 0 0
33 48 40 36 34 63 0 0 0 0 0 0 0 0 0 0 0 0 0 0 0 0 0 0 0 0 0 0 0 0 0 0 0 0 0 0 0 0 0 0 0 0 0 0 0 0 0 0 0 0 0 0 0 0 0 0 0 0 0 0 0 0 0 0
195 225 240 184 156 142 135 255 0 0 0 0 0 0 0 0 0 0 0 0 0 0 0 0 0 0 0 0 0 0 0 0 0 0 0 0 0 0 0 0 0 0 0 0 0 0 0 0 0 0 0 0 0 0 0 0 0 0 0 0 0 0 0 0
2313 3204 2626 2337 3216 2632 2340 2194 2121 3108 2578 4095 0 0 0 0 0 0 0 0 0 0 0 0 0 0 0 0 0 0 0 0 0 0 0 0 0 0 0 0 0 0 0 0 0 0 0 0 0 0 0 0 0 0 0 0 0 0 0 0 0 0 0 0
10245 13314 10753 13568 10880 9536 8864 8528 8360 8276 8234 8213 12298 16383 0 0 0 0 0 0 0 0 0 0 0 0 0 0 0 0 0 0 0 0 0 0 0 0 0 0 0 0 0 0 0 0 0 0 0 0 0 0 0 0 0 0 0 0 0 0 0 0 0 0
213003 237573 249858 190465 226304 178688 154880 142976 137024 134048 132560 131816 131444 131258 131165 196654 163863 262143 0 0 0 0 0 0 0 0 0 0 0 0 0 0 0 0 0 0 0 0 0 0 0 0 0 0 0 0 0 0 0 0 0 0 0 0 0 0 0 0 0 0 0 0 0 0
622617 835596 679942 602115 825345 936960 730624 627456 575872 550080 537184 530736 527512 525900 525094 524691 786633 917604 720946 1048575 0 0 0 0 0 0 0 0 0 0 0 0 0 0 0 0 0 0 0 0 0 0 0 0 0 0 0 0 0 0 0 0 0 0 0 0 0 0 0 0 0 0 0 0
12622083 14699649 15738432 12063520 10226064 9307336 8847972 8618290 8503449 12640332 10514470 9451539 13114377 14945796 11667202 10027905 13402560 10895584 9642096 9015352 8701980 8545294 8466951 16777215 0 0 0 0 0 0 0 0 0 0 0 0 0 0 0 0 0 0 0 0 0 0 0 0 0 0 0 0 0 0 0 0 0 0 0 0 0 0 0 0
564134241 818938032 677904472 607387692 572129302 554500107 814120965 943931394 740401153 907071488 721971200 629421056 583145984 560008448 548439680 542655296 539763104 538317008 537593960 537232436 537051674 536961293 805351558 671111235 872426529 973084176 754977544 645924228 591397570 1073741823 0 0 0 0 0 0 0 0 0 0 0 0 0 0 0 0 0 0 0 0 0 0 0 0 0 0 0 0 0 0 0 0 0 0
3372490899 3833729097 4064348196 3105915922 2626699785 3460833540 2804158594 2475821121 3385394208 2766438928 2456961288 2302222468 2224853058 2186168353 3240567824 2694025736 2420754692 2284119170 2215801409 3255384352 2701434000 2424458824 2285971236 2216727442 2182105545 3238536420 2693010034 2420246841 3357607068 2752545358 2450014503 4294967295 0 0 0 0 0 0 0 0 0 0 0 0 0 0 0 0 0 0 0 0 0 0 0 0 0 0 0 0 0 0 0 0
172536892677 223707399810 180573176641 227725541792 182582247632 160010600552 148724777012 143081865242 140260409357 207569158150 172504055811 223690981377 249284444160 193361698816 165400326144 151419639808 144429296640 140934125056 139186539264 138312746368 137875849920 137657401696 137548177584 137493565528 137466259500 137452606486 137445779979 206161843461 240519875202 188979414337 231928660640 184683807056 161061380264 149250166868 143344560170 140391756821 207634831882 274877906943 0 0 0 0 0 0 0 0 0 0 0 0 0 0 0 0 0 0 0 0 0 0 0 0 0 0
3577729384971 3987887948037 4192967229570 3195995242561 3797020876832 2998022066192 2598522660872 2398772958212 2298898106882 2248960681217 3323503596160 2761263425856 2480143340704 2339583298128 2269303276840 2234163266196 2216593260874 2207808258213 3302927384658 2750975320105 3574510915604 2886767085578 2542895170565 3470470840834 2834747048193 3616396779648 2907710017600 2553366636576 2376194946064 2287609100808 2243316178180 2221169716866 2210096486209 3304071498656 2751547377104 2475285316328 2337154285940 2268088770746 2233556013149 3315801262126 2757412258839 4398046511103 0 0 0 0 0 0 0 0 0 0 0 0 0 0 0 0 0 0 0 0 0 0
9948227445513 13770206744964 11283149883586 10039621452897 13815903748656 11305998385432 10051045703820 9423569363014 9109831192611 13351008618513 15471597331464 12133845176836 10464969099522 9630531060865 13611358552640 11203725787424 9999909404816 9398001213512 9097047117860 8946570070034 8871331546121 13231758795268 11013925908738 9905009465473 13748597754944 11272345388576 10034219205392 9415156113800 9105624568004 8950858795106 8873475908657 13232830976536 11014461999372 9905277510790 9350685266499 13471435655457 15531810849936 12163951936072 10480022479140 9638057750674 9217075386441 13404630715428 11100361868818 17592186044415 0 0 0 0 0 0 0 0 0 0 0 0 0 0 0 0 0 0 0 0
213376283248707 247425629979681 264450303345168 202593895850248 171665692102788 156201590229058 148469539292193 214972258001424 177854873178376 159296180766852 150016834561090 145377161458209 213426069084432 177081778719880 158909633537604 149823560946466 145280524650897 213377750680776 177057619518052 158897553936690 149817521146009 215646248928332 178191868641830 159464678498579 220469827604617 250972402157636 195854945256482 168296216805905 224885596758280 182811542556804 161774515456066 151256001905697 216365489308176 178551488831752 159644488593540 150190988474434 145464238414881 213469607562768 177103547959048 158920518157188 149829003256258 145283245805793 213379111258224 177058299806776 158897894081052 149817691218190 145277589786759 281474976710655 0 0 0 0 0 0 0 0 0 0 0 0 0 0 0 0
9335540914672929 13674969712077456 11341084483409224 10174141869075108 9590670561908050 9298934908324521 13656666708903252 11331932981822122 10169566118281557 14091982313881770 11549590784311381 14781994646896682 11894596950818837 14954497730150410 11980848492445701 14997623500963842 12002411377852417 15008404943667200 12007802099204096 10507500676972544 9757349965856768 9382274610298880 9194736932519936 9100968093630464 9054083674185728 9030641464463360 9018920359602176 9013059807171584 9010129530956288 9008664392848640 9007931823794816 9007565539267904 9007382397004448 9007290825872720 9007245040306856 9007222147523924 9007210701132458 9007204977936725 13510801743709354 11259000499225173 14636699504353578 11821949379547285 14918173944514634 11962686599627813 14988542554554898 11997870904647945 15006134707064964 12006666980902978 10506933117821985 14260665813651984 11633932534196488 10320565894468740 9663882574604866 18014398509481983 0 0 0 0 0 0 0 0 0 0
648853748978337801 900887626792592388 738674189548007938 657567470925715713 905244487766281344 740852620034852416 658656686169137952 617558719236280720 597009735769852104 586735244036637796 581597998170030642 579029375236727065 865975439921787020 721218096112605254 648839424208014371 900880464407430673 1026900984507138824 801680868405281156 689070810354352322 632765781328887905 892843642967867440 734652197635645464 655556474969534476 616008613636478982 596234682969951235 874578093788399105 1013749799197623040 795105275750523264 685783014026973376 631121883165198432 603791317734310960 590126035018867224 583293393661145356 579877072982284422 578168912642853955 865545208624850465 1009233356615848720 792847054459636104 684653903381529796 630557327842476642 603509040072950065 878215272339898520 727338012321661004 651899382312542246 614180067307982867 883550785957414921 1018236145282130948 797348448792777218 686904600548100353 919913052577473664 748186902440448576 662323827371936032 619392289837679760 597926521070551624 587193636686987556 581827194495205522 579143973399314505 866032739003080740 721246745653252114 1152921504606846975 0 0 0 0
3026912664742846485 3819299341585117194 3062571175399405573 3837128596913396738 3071485803063545345 3841585910745466624 3073714459979580288 2689778734596637120 2497810871905165536 2401826940559429744 2353834974886561848 2329838992050127900 2317841000631910926 2311842004922802439 3461764011675095171 4036725015051241537 4324205516739314720 3315024262976504336 2810433636095099144 2558138322654396548 2431990665934045250 2368916837573869601 3490301428000628752 2898072218607161352 2601957613910427652 2453900311562060802 2379871660387877377 3495778839407632640 2900810924310663296 2603326966762178624 2454584987987936288 2380213998600815120 2343028503907254536 2324435756560474244 2315139382887084098 2310491196050389025 3461088607238888464 2883465808226291208 2594654408719992580 2450248708966843266 2378045859090268609 3494865938758828256 2900354473986261104 2603098741599977528 2454470875406835740 2380156942310264846 2342999975761979399 3477342997094683651 4044514507761035777 4328100263094211840 3316971636153952896 2811407322683823424 2558625165948758688 2432234087581226320 2369038548397460136 2337440778805577044 2321641894009635498 2313742451611664725 3462714235019526314 2884278622116610133 3747982320271999018 4611686018427387903 0 0
