1031 217
1063 127
1127 17
113 41
1207 823
1489 929
1681 1567
1697 287
1751 743
1841 887
1927 761
2159 487
2239 799
2359 599
239 1
2599 2399
2689 1751
2713 2023
2801 2393
2839 1873
287 223
2953 1777
3041 2887
3143 751
3151 1751
3151 2129
3167 697
3169 271
3191 2729
3193 1399
3193 937
3199 2159
3199 3041
3209 329
3217 2369
3239 1127
3239 961
3241 1679
3241 2801
3247 3023
3247 97
3257 527
3271 511
3281 1321
3281 1967
3313 2263
3319 1519
3329 697
3337 2567
3337 791
3343 353
3353 1721
3353 2879
3359 1513
3361 3199
3383 1927
3383 887
3391 263
3407 1801
3409 1063
3409 2137
3431 2351
3431 617
3433 1081
3449 2569
3457 449
3463 2791
3473 1343
3473 3017
3479 1279
3479 3247
3503 2713
3503 7
3511 889
3521 1481
3521 439
3527 3361
3529 1631
3559 1687
3577 1927
3577 193
3583 1169
3593 1897
3607 257
3617 2231
3623 2111
3631 1031
3647 1457
3647 383
3649 2329
3649 2543
3671 2551
3673 2863
3689 2777
3689 3191
3689 71
3689 991
3697 3527
3703 1753
3703 3007
3713 3241
3713 577
3719 3479
3727 1439
3761 1279
3767 119
3769 1649
3791 2369
3791 809
3793 343
3823 2689
3833 977
3841 2081
3841 313
3847 3017
3863 3353
3871 1097
3871 3697
3881 1879
3889 623
3911 511
3919 2759
3929 2191
3937 1393
3937 2993
3943 1393
3961 3473
3961 41
3967 3719
3977 713
3977 911
3983 1607
3983 433
4001 2839
4007 1697
4039 239
4039 919
4049 3871
4057 1207
4063 2009
4063 2047
4073 239
4079 721
4097 1129
4097 2273
4111 2329
4127 2503
4129 1511
4151 1343
4151 2657
4153 2737
4159 41
4177 527
4183 2993
4183 647
4193 1823
4193 3217
4201 1561
4207 3337
4207 3463
4217 3713
4223 3689
4223 3967
4231 4049
4241 161
4247 1321
4247 1783
4249 2143
4249 857
4271 329
4273 823
4289 2009
4297 2471
4319 1633
4319 367
4327 2239
4337 2807
4361 127
4361 2473
4369 1289
4369 3151
4391 2711
4393 3503
4393 577
4409 3863
4417 2953
4417 4231
4423 1511
4439 2281
4439 3199
4441 1439
4447 79
4457 3449
4463 791
4471 3703
4471 929
4481 3961
4487 2617
4487 4223
449 391
4513 1759
4519 1967
4529 1009
4529 289
4559 1241
4559 3313
4561 2201
4567 217
4577 2087
4577 727
4583 3673
4591 1231
4607 4417
4607 503
4633 2423
4633 2681
4639 1561
4649 1457
4657 7
4663 2927
4673 1039
4679 521
4681 2767
4681 721
4703 1687
4711 1889
4711 3431
4721 3119
4729 3689
4751 943
4753 1921
4753 4217
4759 4487
4777 311
4777 3847
4783 833
4793 4223
4799 2159
4801 4607
4817 1169
4831 2569
4841 1687
4841 2401
4871 97
4879 1153
4879 1399
4879 2647
4879 2921
4889 623
4903 647
4913 2897
4919 3281
4937 1633
4943 3151
4951 3649
4967 1481
4969 3409
4991 1871
4991 3671
4991 409
4991 4409
4993 943
4999 4801
601 7
769 217
