7 1
17 7
23 7
31 17
41 1
47 23
49 31
71 49
73 17
79 47
89 23
97 71
103 7
113 41
119 41
119 79
127 97
137 7
151 31
161 73
161 127
167 119
191 89
193 17
199 161
217 47
217 113
223 167
233 119
239 1
241 199
257 49
263 73
271 103
281 161
287 223
287 241
289 23
311 31
313 103
329 89
329 191
337 287
343 151
353 217
359 287
367 137
383 233
391 71
391 337
401 79
409 137
431 17
433 281
439 359
449 391
457 49
463 113
479 119
487 217
497 47
497 193
503 329
511 271
511 449
521 353
527 23
527 439
529 151
553 97
553 263
569 383
577 511
593 257
599 193
601 7
607 343
617 433
623 313
623 527
631 71
641 119
647 577
673 239
679 41
679 239
697 329
697 367
713 41
713 503
719 161
721 521
721 647
727 623
743 127
751 289
761 79
769 217
791 311
791 569
799 7
799 721
809 409
823 511
833 97
833 617
839 727
857 487
863 191
881 799
887 257
889 31
889 289
911 391
919 401
929 497
937 167
943 553
943 607
953 721
959 713
959 839
961 161
967 881
977 311
983 73
991 263
1009 463
1031 217
1033 623
1039 479
1049 791
1057 593
1057 967
1063 127
1081 119
1081 833
1087 959
1097 233
1103 529
1127 17
1127 697
1129 271
1151 1057
1153 457
1169 89
1169 431
1193 697
1201 599
1207 199
1207 823
1217 953
1223 1087
1231 329
1241 313
1241 959
1249 1151
1271 431
1271 497
1279 47
1289 223
1297 553
1303 673
1319 679
1321 161
1327 857
1337 391
1337 809
1343 113
1343 1049
1351 943
1351 1249
1361 1081
1367 1223
1393 1
1393 401
1399 281
1409 751
1423 527
1433 943
1439 119
1447 457
1457 167
1457 1351
1471 791
1481 241
1487 641
1489 929
1511 49
1513 343
1513 1217
1519 367
1519 1367
1543 1033
1553 497
1559 1241
1561 73
1561 527
1567 1457
1583 631
1601 719
1607 199
1609 769
1631 409
1631 911
1633 103
1633 919
1649 329
1649 1057
1657 1127
1663 1207
1673 1343
1673 1361
1679 601
1679 1519
1681 1567
1687 23
1687 463
1697 287
1721 601
1751 743
1751 1009
1753 479
1759 161
1777 889
1783 287
1799 1039
1799 1681
1801 679
1817 31
1817 1193
1823 353
1831 1351
1841 887
1841 1513
1847 1679
1871 103
1873 1103
1879 553
1889 223
1897 713
1897 1327
1913 1559
1921 241
1921 1799
1927 761
1927 863
1951 89
1967 383
1967 977
1993 1337
1999 1201
2009 529
2009 631
2017 1673
2023 1433
2023 1847
2039 1673
2047 679
2047 1921
2063 191
2081 833
2087 497
2089 151
2111 991
2113 337
2129 1303
2137 1153
2143 713
2153 1543
2159 487
2159 1319
2161 359
2177 1489
2177 2047
2191 937
2191 1663
2201 641
2201 1841
2207 2023
2209 137
2231 217
2231 1169
2239 799
2263 287
2263 1409
2273 961
2281 799
2287 1657
2297 71
2303 433
2303 1913
2311 2177
2329 1031
2329 1297
2351 1471
2359 79
2359 599
2369 1271
2369 1649
2377 287
2383 1831
2393 2017
2399 2207
2401 761
2417 233
2423 889
2441 2039
2447 137
2449 511
2449 2311
2471 391
2471 1129
2473 1097
2503 1271
2513 17
2513 743
2521 553
2543 1633
2551 1631
2567 719
2567 1897
2569 983
2569 1817
2591 2449
2593 2201
2599 593
2599 2399
2609 889
2617 1231
2633 337
2647 1063
2657 1487
2663 833
2671 49
2681 439
2681 1241
2687 503
2689 1751
2711 1423
2713 2023
2719 1081
2729 2303
2737 113
2737 673
2737 1609
2737 2591
2753 679
2759 281
2759 1799
2767 1337
2777 1993
2791 2191
2801 2393
2807 1601
2807 2599
2833 119
2839 521
2839 1873
2857 449
2863 1207
2863 2153
2879 2441
2887 2737
2897 1393
2903 47
2911 623
2911 769
2921 359
2921 1447
2927 1583
2953 1777
2969 217
2993 1999
2993 2177
2999 193
3001 607
3007 983
3007 2383
3017 2287
3017 2593
3023 2807
3031 391
3031 1289
3041 2887
3049 1169
3073 23
3073 863
3079 1561
3089 569
3119 1841
3121 1553
3137 1127
3143 151
3143 751
3151 1751
3151 2129
3167 697
3169 271
3191 2729
3193 937
3193 1399
3199 2159
3199 3041
3209 329
3217 2369
3239 961
3239 1127
3241 1679
3241 2801
3247 97
3247 3023
3257 527
3271 511
3281 1321
3281 1967
3313 2263
3319 1519
3329 697
3337 791
3337 2567
3343 353
3353 1721
3353 2879
3359 1513
3361 3199
3383 887
3383 1927
3391 263
3407 1801
3409 1063
3409 2137
3431 617
3431 2351
3433 1081
3449 2569
3457 449
3463 2791
3473 1343
3473 3017
3479 1279
3479 3247
3503 7
3503 2713
3511 889
3521 439
3521 1481
3527 3361
3529 1631
3559 1687
3577 193
3577 1927
3583 1169
3593 1897
3607 257
3617 2231
3623 2111
3631 1031
3647 383
3647 1457
3649 2329
3649 2543
3671 2551
3673 2863
3689 71
3689 991
3689 2777
3689 3191
3697 3527
3703 1753
3703 3007
3713 577
3713 3241
3719 3479
3727 1439
3761 1279
3767 119
3769 1649
3791 809
3791 2369
3793 343
3823 2689
3833 977
3841 313
3841 2081
3847 3017
3863 3353
3871 1097
3871 3697
3881 1879
3889 623
3911 511
3919 2759
3929 2191
3937 1393
3937 2993
3943 1393
3961 41
3961 3473
3967 3719
3977 713
3977 911
3983 433
3983 1607
4001 2839
4007 1697
4039 239
4039 919
4049 3871
4057 1207
4063 2009
4063 2047
4073 239
4079 721
4097 1129
4097 2273
4111 2329
4127 2503
4129 1511
4151 1343
4151 2657
4153 2737
4159 41
4177 527
4183 647
4183 2993
4193 1823
4193 3217
4201 1561
4207 3337
4207 3463
4217 3713
4223 3689
4223 3967
4231 4049
4241 161
4247 1321
4247 1783
4249 857
4249 2143
4271 329
4273 823
4289 2009
4297 2471
4319 367
4319 1633
4327 2239
4337 2807
4361 127
4361 2473
4369 1289
4369 3151
4391 2711
4393 577
4393 3503
4409 3863
4417 2953
4417 4231
4423 1511
4439 2281
4439 3199
4441 1439
4447 79
4457 3449
4463 791
4471 929
4471 3703
4481 3961
4487 2617
4487 4223
4513 1759
4519 1967
4529 289
4529 1009
4559 1241
4559 3313
4561 2201
4567 217
4577 727
4577 2087
4583 3673
4591 1231
4607 503
4607 4417
4633 2423
4633 2681
4639 1561
4649 1457
4657 7
4663 2927
4673 1039
4679 521
4681 721
4681 2767
4703 1687
4711 1889
4711 3431
4721 3119
4729 3689
4751 943
4753 1921
4753 4217
4759 4487
4777 311
4777 3847
4783 833
4793 4223
4799 2159
4801 4607
4817 1169
4831 2569
4841 1687
4841 2401
4871 97
4879 1153
4879 1399
4879 2647
4879 2921
4889 623
4903 647
4913 2897
4919 3281
4937 1633
4943 3151
4951 3649
4967 1481
4969 3409
4991 409
4991 1871
4991 3671
4991 4409
4993 943
4999 4801
