5009 3937
5023 4207
5033 2719
5033 4481
5039 4759
5041 2113
5047 1103
5047 1817
5081 3079
5087 2359
5089 191
5089 1271
5113 1337
5119 2161
5129 569
5129 2609
5153 3823
5167 2863
5177 1607
5177 4207
5183 31
5183 2513
5201 3121
5201 4999
5207 799
5207 1057
5209 511
5231 3383
5233 1817
5257 1951
5257 3649
5273 257
5279 3919
5281 1033
5287 2063
5287 3241
5297 4193
5303 1393
5311 289
5311 4471
5321 839
5321 4753
5327 3617
5327 5039
5329 2303
5351 1271
5359 487
5359 4001
5383 2567
5383 4393
5393 2663
5399 4793
5407 5201
5417 1513
5431 617
5441 721
5449 3031
5471 2089
5479 1759
5497 3353
5497 3407
5503 167
5519 959
5521 1519
5527 3623
5537 391
5537 3791
5543 953
5543 2449
5569 4183
5591 2263
5593 401
5593 1201
5593 4457
5593 4583
5609 1871
5609 4991
5617 5033
5617 5407
5623 5327
5639 161
5641 2521
5647 1297
5657 727
5663 1447
5663 3193
5689 2231
5711 3577
5729 1697
5729 3049
5737 73
5743 1649
5761 881
5761 2599
5767 497
5767 3319
5783 4369
5791 1951
5801 3593
5807 4777
5831 311
5831 5617
5839 1127
5849 2209
5857 4153
5873 263
5873 1423
5879 4439
5881 3359
5897 4729
5903 2471
5911 2377
5911 5023
5921 553
5921 5321
5927 5623
5953 2737
5969 1783
5969 4151
5983 1631
5983 2753
5999 1193
5999 3007
6001 607
6001 4559
6007 799
6041 3281
6041 5399
6047 3137
6049 1889
6049 5831
6073 217
6079 3559
6089 1049
6103 1553
6103 3529
6113 3841
6121 959
6143 4127
6151 3929
6167 463
6167 1303
6169 2417
6169 4417
6191 4337
6191 4711
6199 1921
6209 2911
6209 5009
6217 127
6223 2687
6223 5311
6233 1319
6233 5617
6239 721
6239 5927
6241 1561
6247 5177
6257 713
6263 5609
6271 6049
6287 2297
6311 1823
6319 119
6319 3239
6329 3703
6337 1687
6343 967
6353 479
6359 1081
6361 3521
6367 2681
6377 2089
6377 4111
6433 2063
6433 4097
6439 2359
6439 3073
6449 4951
6463 233
6463 4391
6473 5383
6481 839
6497 2633
6497 6271
6503 1487
6503 3473
6511 623
6511 4991
6521 2447
6529 5297
6551 2911
6553 5921
6559 3881
6559 6239
6569 17
6577 1753
6599 593
6601 881
6601 1207
6601 2839
6601 3193
6607 4297
6647 3479
6647 4721
6671 271
6671 2209
6673 3239
6679 5153
6689 3769
6703 5593
6713 1583
6713 2297
6719 6041
6727 4063
6727 6497
6737 3647
6761 4361
6769 529
6769 1409
6791 4663
6793 4063
6817 1967
6817 4969
6823 89
6833 2857
6839 3001
6839 5279
6841 4487
6847 1337
6847 1679
6857 5593
6863 791
6871 5911
6881 4919
6881 6233
6887 3143
6887 6559
6911 3409
6913 2359
6913 5359
6937 3433
6937 5807
6953 1057
6953 6263
6959 1721
6961 6727
6967 457
6977 1087
6983 3727
6991 2231
7001 2759
7031 431
7031 4249
7039 1327
7057 2513
7063 2113
7063 4327
7079 4681
7081 199
7081 3167
7097 1471
7097 4633
7103 833
7121 1601
7127 4943
7129 697
7151 5569
7153 3583
7153 5257
7159 2513
7177 3089
7193 5897
7199 1879
7199 6961
7207 6223
7217 4007
7217 6553
7223 967
7223 6887
7231 1217
7231 3383
7247 2921
7273 2161
7273 4439
7297 329
7313 1241
7313 2263
7321 4879
7327 3337
7327 3983
7343 313
7343 2447
7351 1609
7361 959
7361 5327
7369 4289
7393 5783
7399 599
7399 3761
7409 2671
7409 2737
7417 6247
7433 6719
7441 4913
7441 7199
7457 47
7463 2009
7463 4193
7471 3031
7471 5231
7481 1801
7487 697
7489 1351
7519 4633
7519 5879
7529 3329
7537 6209
7559 2087
7561 6881
7567 223
7567 2417
7567 5081
7567 7223
7577 3511
7583 3631
7591 1151
7607 5537
7609 431
7609 1751
7633 2377
7633 3937
7639 6001
7649 3943
7663 2833
7663 6473
7673 497
7679 4247
7679 6953
7681 1433
7687 7441
7703 2671
7721 2159
7721 4561
7727 161
7751 1489
7751 3257
7753 823
7759 4879
7769 2969
7769 4831
7793 5201
7817 5287
7823 5527
7831 3271
7831 3689
7841 113
7849 2009
7849 5857
7871 1897
7871 6191
7873 1057
7879 553
7889 1223
7889 6529
7903 4129
7903 6871
7913 6703
7913 7217
7919 7567
7921 2999
7927 2303
7937 7687
7951 391
7967 1343
7967 4577
7993 4201
8009 3431
8017 1631
8023 953
8023 5033
8039 4519
8057 673
8057 1633
8071 2903
8071 5497
8081 4841
8087 2737
8089 3871
8111 5969
8119 1
8119 5167
8137 2047
8137 3209
8143 1927
8143 6449
8153 679
8153 5497
8159 959
8159 1361
8161 4319
8167 6937
8183 3169
8183 7433
8191 7937
8209 6169
8231 6511
8233 281
8249 2471
8249 6857
8257 1249
8257 3833
8263 7207
8273 7561
8279 401
8279 7919
8287 1777
8297 1087
8311 4151
8329 5711
8351 1543
8351 4057
8353 2903
8369 6191
8377 2833
8401 119
8401 6679
8407 2201
8407 4799
8423 4513
8431 809
8441 1841
8441 7679
8447 3143
8449 857
8449 3343
8449 5129
8449 8191
8513 3457
8519 167
8519 2633
8521 5801
8527 2143
8537 3791
8543 5449
8551 1151
8551 6143
8561 527
8561 1927
8599 6839
8609 2449
8617 4247
8617 7193
8623 3073
8633 457
8633 4097
8641 7913
8647 8279
8663 6913
8681 2359
8687 241
8687 2759
8687 4423
8687 7417
8689 4711
8711 1649
8711 8449
8713 943
8719 3521
8737 4753
8743 751
8743 1751
8753 5183
8761 3073
8783 5087
8807 3977
8809 49
8809 5663
8831 3391
8839 2081
8849 1049
8857 1367
8857 6151
8863 5767
8887 4441
8897 3247
8897 3713
8897 6113
8897 6647
8927 343
8927 6463
8929 7151
8951 1351
8953 6817
8953 7663
8959 2521
8959 4039
8969 8183
8977 367
8977 8711
8993 1799
8993 7537
8999 1081
9001 2681
9007 7903
9017 4369
9017 8273
9023 5393
9023 8647
9041 641
9049 1657
9071 2969
9071 4703
9079 2999
9079 5881
9103 73
9121 2239
9121 5041
9127 6377
9137 791
9143 1513
9143 1967
9151 943
9161 4639
9167 5383
9167 6881
9199 7393
9209 5729
9223 3647
9223 7913
9233 2281
9233 5119
9239 8441
9241 2687
9247 6079
9247 8977
9257 1249
9271 497
9271 3889
9281 6433
9289 1223
9289 3977
9311 6791
9319 2599
9337 7153
9343 527
9353 3143
9353 6103
9359 1559
9359 7519
9377 7889
9391 8263
9401 199
9401 2921
9401 6607
9401 8641
9407 2401
9407 9023
9409 4649
9431 929
9433 1663
9439 4841
9457 1873
9457 3607
9463 4991
9473 7639
9479 3247
9497 8167
9511 5329
9521 9247
9527 103
9527 2857
9551 2191
9553 3577
9553 4079
9569 631
9569 2111
9601 6041
9623 3911
9631 6329
9641 2513
9641 4559
9649 409
9673 1457
9673 6761
9679 6841
9689 4249
9697 2567
9703 329
9703 7127
9719 7361
9721 5047
9727 1817
9727 2839
9743 3793
9751 4591
9751 7871
9767 719
9769 8249
9791 8969
9793 5543
9793 9017
9799 9407
9799 9521
9809 3169
9809 4937
9817 3031
9833 23
9839 4273
9857 6047
9863 2273
9863 5287
9871 769
9881 1033
9881 1519
9887 3503
9913 5641
9913 6559
9929 3503
9959 287
9959 5999
9961 3841
9961 7079
9967 2423
9991 1351
9991 2737
10001 6361
10001 7607
10007 5257
10009 463
10031 1217
10031 4183
10033 3983
10033 8143
10039 6727
10057 2753
10057 8687
10073 7097
10073 9239
10079 5761
10081 601
10081 9799
10097 1673
10097 4529
10103 7471
10111 3209
10129 4471
10129 7849
10151 8231
10159 4879
10169 8617
10177 911
10183 1673
10183 9007
10193 9401
10199 919
10199 1999
10199 6793
10199 9799
10217 4967
10217 5233
10223 3689
10247 7321
10271 5591
10273 161
10289 2911
10297 2329
10297 5471
10303 3767
10313 1241
10319 601
10319 8401
10321 5953
10327 2137
10327 4177
10337 1367
10343 8953
10367 6319
10367 10081
10369 5983
10391 2663
10399 479
10409 3391
10409 6689
10423 1567
10423 4673
10433 6503
10447 4463
10447 7063
10457 287
10463 2609
10481 3001
10481 7441
10487 1057
10489 1831
10489 7031
10511 5177
10511 7823
10513 4817
10529 1897
10537 7567
10537 8209
10559 8599
10567 3343
10577 8111
10577 8993
10591 31
10591 3089
10591 5689
10591 9391
10601 9793
10607 10199
10609 8663
10631 2231
10633 743
10633 9223
10639 1127
10649 3689
10649 9791
10657 10367
10663 6209
10687 5903
10711 3577
10721 353
10721 4879
10727 4039
10727 6737
10729 2569
10753 1457
10783 6647
10783 7273
10799 1993
10801 1207
10801 4393
10823 2911
10823 4073
10831 7817
10847 679
10871 4751
10871 8369
10889 5911
10897 3271
10897 7793
10903 8929
10913 103
10913 3257
10927 4577
10927 9497
10937 5113
10943 2473
10943 10073
10951 889
10951 10657
10961 1679
10961 6439
10969 1009
10969 2129
10993 9377
10999 3607
10999 5479
11017 3767
11017 10193
11023 5089
11023 10607
11047 223
11057 5849
11071 2471
11081 3961
11081 7519
11087 1343
11111 5609
11111 6223
11113 2159
11119 1361
11129 4271
11129 8071
11159 4319
11161 6601
11177 553
11201 1681
11201 9199
11207 3457
11207 6983
11233 4681
11233 4783
11239 241
11249 7369
11249 10951
11257 2647
11263 3167
11263 6673
11273 1039
11279 1841
11287 7759
11303 887
11303 5047
11311 2023
11321 8153
11327 3961
11327 7217
11329 5303
11351 8551
11353 3521
11369 5417
11377 89
11377 8953
11383 7769
11393 3143
11399 9359
11417 2369
11417 9769
11423 713
11431 2329
11431 5791
11431 8329
11431 10183
11441 1519
11441 10601
11447 11023
11471 8897
11489 6169
11497 6367
11503 9473
11519 2719
11521 3647
11521 4241
11527 10057
11543 1567
11543 4993
11543 6551
11543 10649
11551 11249
11569 383
11569 6911
11593 6937
11599 1193
11599 4607
11617 3073
11633 7463
11639 5521
11639 7327
11641 761
11641 4159
11657 1913
11681 7721
11689 8023
11711 3329
11711 3431
11719 8119
11743 5351
11753 863
11753 2503
11753 4679
11753 8521
11767 1103
11767 2263
11777 9167
11783 8927
11801 3793
11807 6601
11809 5729
11809 9337
11831 9751
11833 10343
11839 3841
11849 10169
11849 10943
11857 5207
11857 11551
11863 10591
11873 2617
11873 11017
11879 7153
11879 11447
11887 4159
11897 3007
11903 529
11927 2177
11929 1351
11929 6497
11953 5743
11959 4361
11969 4529
11983 631
11983 6887
12007 1799
12041 6287
12047 4903
12047 8857
12049 191
12071 4889
12073 3337
12079 2681
12079 7679
12097 1847
12113 977
12119 10033
12121 2153
12121 5281
12121 6839
12121 8081
12143 10633
12161 4039
12167 11857
12191 151
12191 5663
12193 7399
12193 8897
12223 3193
12223 9311
12239 1327
12241 679
12257 2351
12257 4073
12257 6049
12257 7967
12263 1513
12271 5969
12271 10151
12281 4567
12289 10577
12313 8543
12313 11441
12319 6439
12319 11879
12329 497
12343 4447
12359 3713
12359 6521
12361 1681
12361 9127
12377 6833
12391 337
12401 9719
12409 2863
12431 2017
12431 7231
12433 10319
12439 3239
12439 7081
12457 10927
12473 11543
12479 2039
12481 7633
12481 12167
12487 4241
12497 5647
12503 5207
12511 7649
12527 8039
12553 3383
12569 8449
12577 5593
12583 833
12593 1201
12593 6199
12601 1679
12607 4777
12607 8863
12631 3983
12631 8809
12641 9281
12647 5983
12671 9703
12679 359
12679 9401
12689 3911
12697 10129
12703 2767
12713 6377
12719 1559
12719 5321
12719 10001
12719 10559
12721 4361
12737 487
12737 10993
12743 3049
12751 10609
12751 11431
12761 7327
12761 11873
12767 1337
12767 12319
12769 2191
12791 11849
12799 12481
12809 3137
12817 713
12817 4447
12823 5873
12833 7177
12833 7903
12841 1921
12887 137
12887 7583
12889 5129
12911 3511
12919 6433
12929 991
12929 2711
12937 4991
12937 7993
12953 9079
12959 2287
12967 5519
12983 8407
13001 9679
13007 7001
13009 3889
13033 217
13049 5543
13063 9247
13073 2657
13073 10903
13081 1433
13081 3239
13087 641
13087 7577
13097 9673
13097 11527
13103 4271
13111 2369
13111 6311
13121 12799
13127 10103
13151 4657
13153 6103
13153 10537
13159 8161
13177 6713
13183 3031
13193 4657
13193 11417
13207 1799
13207 11863
13217 12313
13223 8753
13223 12767
13241 287
13249 6671
13271 2897
13271 5209
13279 1153
13279 9353
13289 2023
13289 3409
13297 7529
13313 937
13327 9961
13337 7247
13361 4319
13361 5441
13367 10577
13391 71
13391 3791
13399 11201
13417 7831
13423 3433
13423 11833
13439 5839
13439 12473
13441 799
13447 1303
13447 2543
13447 8783
13447 13121
13457 2551
13463 1673
13487 6337
13489 4177
13489 4871
13489 8423
13489 9209
13513 6241
13537 433
13553 9023
13561 2921
13561 10073
13567 3977
13577 1673
13583 4567
13583 6913
13591 10511
13609 5431
13609 9631
13633 1319
13639 2201
13639 11399
13649 7057
13657 10247
13657 11849
13679 799
13681 12761
13687 13223
13697 10871
13703 2047
13703 4529
13711 7471
13721 5999
13729 11503
13751 8089
13753 79
13753 12143
13759 5359
13769 3631
13769 12791
13777 3689
13777 13447
13799 961
13807 2737
13817 1169
13817 1847
13823 8311
13823 8689
13831 5089
13841 5761
13873 8737
13879 4079
13903 287
13913 4183
13919 6167
13919 9167
13921 7159
13943 2807
13943 9913
13951 1543
13951 5657
13961 599
13961 9601
13967 3281
13991 1489
13991 10537
13993 2383
13993 6577
13999 10039
14009 7751
14033 10481
14057 3193
14063 6233
14063 6991
14071 4871
14081 1921
14087 12457
14089 8351
14089 11377
14111 11831
14111 13777
14119 233
14119 3833
14129 7409
14129 12289
14143 12751
14153 13217
14159 13687
14161 2927
14161 5273
14167 3583
14167 6817
14177 5311
14191 1031
14191 7831
14207 2303
14249 8257
14263 4393
14263 7409
14273 137
14273 3977
14281 10199
14303 8687
14321 3479
14327 761
14329 1409
14329 2689
14329 6089
14329 10831
14351 2569
14351 8009
14353 1663
14353 9121
14369 11471
14401 12119
14407 6503
14423 511
14431 8617
14441 10001
14441 13439
14447 3079
14449 14111
14473 4039
14473 4777
14479 10447
14489 391
14503 9233
14513 7063
14513 10897
14519 3121
14527 1297
14527 5537
14537 2207
14543 11351
14551 7343
14561 3473
14567 5183
14567 9857
14569 889
14569 11809
14591 12271
14593 2177
14609 7663
14609 12737
14617 4607
14617 7769
14623 10489
14623 13207
14633 13681
14639 14159
14647 17
14647 6121
14657 5593
14671 3871
14671 11129
14711 1271
14711 11777
14713 2759
14719 1841
14719 2567
14737 8633
14743 6007
14743 12433
14753 5183
14759 6713
14767 13097
14777 4273
14777 8887
14783 13769
14791 9071
14791 14449
14831 4249
14849 1657
14849 9511
14863 553
14863 7313
14879 4679
14881 3319
14881 5767
14887 9959
14897 1471
14903 2393
14903 6847
14929 10409
14951 743
14959 3359
14959 7921
14969 10783
14977 5089
14977 7273
14983 2047
15001 6359
15001 11321
15017 11431
15031 11783
15047 7703
15047 8537
15071 1097
15071 5503
15073 3761
15079 2953
15079 12719
15089 2023
15089 12751
15097 1129
15097 13193
15113 2441
15113 6959
15113 8137
15113 13423
15121 14153
15127 9161
15127 14639
15137 14791
15161 5921
15193 4463
15199 9793
15217 7567
15233 9017
15239 2839
15239 6001
15241 719
15247 3521
15247 6343
15263 10433
15271 1649
15287 9463
15289 4577
15313 8183
15319 11081
15329 6769
15337 593
15337 9913
15359 6601
15361 3241
15377 1913
15383 10367
15391 4991
15401 8807
15407 337
15407 4097
15407 7199
15407 12401
15439 13073
15449 1271
15449 3151
15463 11287
15463 13753
15473 5639
15479 3647
15479 14441
15481 7633
15481 9439
15487 983
15487 15137
15497 11753
15511 2311
15527 12223
15551 8071
15553 10079
15553 12697
15559 4681
15569 49
15583 5831
15593 4057
15593 13657
15601 6239
15607 14143
15617 3727
15617 8513
15617 10727
15617 14633
15623 889
15623 15127
15641 2713
15647 2777
15649 1831
15671 8449
15673 6257
15673 11383
15679 8959
15703 4471
15703 5273
15721 6847
15721 12047
15727 439
15737 9409
15761 12719
15767 3119
15791 9863
15793 503
15793 13399
15809 4889
15817 14087
15823 3353
15833 7463
15833 14783
15839 5873
15839 9721
15841 2399
15841 7121
15841 10321
15841 15487
15881 833
15887 10783
15889 3529
15911 5311
15911 10369
15913 2177
15919 7559
15929 4903
15929 11249
15937 8087
15959 113
15967 6481
15967 11719
15991 3937
16001 12193
16007 3943
16009 1063
16009 5737
16031 1231
16031 2017
16031 11689
16031 12671
16033 8719
16057 13153
16063 8447
16073 5503
16079 12361
16079 13639
16087 7097
16097 14129
16103 6167
16111 14623
16121 281
16121 15121
16127 15623
16129 8897
16151 4529
16151 13729
16177 1633
16177 2993
16183 673
16193 6601
16199 7721
16199 15841
16201 3559
16201 10007
16217 1631
16223 2593
16231 4783
16249 9809
16273 10663
16279 679
16279 7039
16303 3407
16303 5129
16303 8353
16303 10271
16319 2039
16337 5209
16337 11327
16361 7481
16369 4151
16399 1241
16399 11207
16417 2207
16433 1081
16439 5639
16439 7927
16441 11681
16441 12679
16447 5737
16457 2449
16457 7351
16481 13367
16487 9641
16513 8377
16513 12641
16519 119
16529 4751
16537 6073
16537 14767
16543 4247
16543 13127
16553 15479
16561 16199
16567 10297
16583 1487
16583 3769
16583 6353
16583 8831
16591 2863
16591 14111
16607 1817
16609 2791
16609 14609
16631 6511
16633 15617
16639 10961
16639 16127
16649 9289
16657 4673
16673 8623
16681 521
16681 5359
16703 11633
16711 6977
16711 9751
16721 3281
16721 6953
16729 1897
16751 449
16751 4369
16759 12313
16769 9271
16769 10217
16793 1423
16793 3383
16807 13001
16823 10687
16831 7609
16847 3703
16847 13697
16871 2311
16873 5537
16873 11161
16879 14401
16889 7849
16903 15113
16919 11639
16919 15833
16921 47
16927 16561
16937 10591
16943 8249
16961 6599
16961 12121
16969 3983
16969 4129
16993 1337
16999 2993
16999 12607
17009 2729
17009 11263
17033 13097
17041 8761
17047 8897
17063 5593
17063 13591
17087 359
17087 4559
17089 7231
17089 14089
17111 9223
17111 14591
17129 12631
17129 15097
17137 4591
17143 1751
17143 3151
17143 9553
17143 15607
17153 623
17153 16121
17159 16639
17167 6863
17177 9689
17177 13327
17183 3593
17191 1609
17201 2599
17201 4993
17207 6217
17209 7871
17231 10217
17239 10159
17249 769
17249 14743
17257 7313
17273 3577
17273 15463
17297 5207
17297 16927
17311 5431
17311 10889
17321 8519
17327 217
17351 11111
17359 4201
17377 1207
17383 11569
17393 3199
17399 2201
17399 4007
17401 11593
17417 5873
17431 2591
17447 12079
17447 12257
17449 5831
17471 7489
17489 12569
17497 193
17503 8687
17503 12953
17519 6319
17521 4441
17521 9839
17527 4817
17527 13063
17551 13657
17561 1601
17561 13561
17569 3017
17591 8137
17591 14369
17593 1799
17593 6463
17599 2801
17609 10511
17617 6769
17617 14569
17623 15089
17639 4879
17639 15079
17647 9623
17647 15817
17657 15593
17663 607
17663 16553
17671 16111
17671 17297
17681 16633
17687 5441
17687 17159
17711 2023
17711 7223
17713 10097
17729 7103
17737 391
17753 4423
17753 5321
17761 11879
17783 1393
17791 3409
17801 2399
17801 7681
17807 9457
17833 3881
17833 11057
17839 6073
17857 2449
17857 7751
17863 5767
17881 13279
17887 8143
17887 11543
17903 10129
17911 23
17921 5047
17929 13991
17959 4319
17969 983
17969 6217
17969 8609
17969 14711
17977 8407
17983 1447
17983 12527
17999 1993
17999 2879
18001 3007
18001 15439
18041 16919
18047 9079
18049 17671
18071 6671
18071 11497
18089 9071
18097 14033
18119 7361
18121 9553
18127 14543
18137 1873
18137 3313
18143 12193
18151 569
18151 4649
18169 7129
18191 10031
18193 1583
18193 3623
18193 9743
18193 16097
18199 5207
18217 17153
18223 17687
18233 6319
18247 863
18247 8017
18257 10513
18263 7591
18263 13609
18287 2303
18289 10423
18311 14329
18313 5657
18319 5281
18319 10999
18329 151
18353 8057
18367 8681
18377 4247
18377 6967
18377 11111
18377 11489
18383 1169
18383 15793
18401 4193
18407 3217
18407 16537
18409 1289
18409 2191
18431 11983
18431 18049
18433 2737
18439 8527
18457 11807
18479 5921
18479 9353
18481 12481
18503 271
18521 9001
18527 4639
18527 12983
18529 6569
18529 12511
18553 4879
18569 751
18569 13489
18583 10033
18593 13223
18599 3841
18599 9479
18607 1777
18607 13999
18617 2807
18631 6569
18631 7031
18641 8287
18641 14513
18649 5089
18649 13943
18671 15031
18673 697
18673 9961
18679 10721
18697 14671
18697 15553
18713 3617
18719 16079
18721 2153
18721 5519
18737 15407
18737 16609
18743 10447
18751 329
18751 17143
18761 8959
18761 17681
18767 5543
18767 18223
18769 16151
18793 16903
18809 10937
18809 17663
18817 3431
18817 18431
18823 2393
18823 7967
18839 1127
18847 4063
18847 12121
18871 2591
18871 11431
18881 6001
18881 6167
18911 7889
18913 8441
18919 12833
18929 97
18929 11929
18959 5113
18977 4513
18977 10327
18983 12431
18983 13553
18991 937
18991 6463
19001 1561
19009 4063
19031 3017
19033 6823
19033 12937
19039 8561
19039 14281
19073 11023
19079 13447
19081 9401
19087 15017
19103 527
19103 4967
19121 13961
19127 5761
19127 15761
19159 1999
19159 9241
19159 9887
19159 14479
19177 511
19177 7487
19183 17273
19193 4703
19193 15001
19199 7399
19199 18041
19207 18817
19223 1553
19223 15527
19231 3649
19241 2599
19241 12439
19249 16057
19271 9929
19271 16591
19273 961
19289 17129
19297 3929
19297 7873
19303 10871
19303 17671
19313 2441
19313 8159
19313 13159
19313 18217
19319 18767
19369 5351
19369 11369
19391 8351
19417 1127
19423 4289
19433 14623
19439 1399
19439 7081
19441 8839
19447 2177
19457 6353
19463 2887
19471 11329
19489 12377
19537 353
19537 6007
19543 12887
19553 16879
19559 12041
19561 4841
19561 9527
19567 6823
19567 9319
19577 17647
19583 7753
19601 1841
19601 19207
19607 697
19607 4937
19609 3337
19639 12761
19639 13919
19649 1751
19649 9809
19673 7297
19673 10223
19681 14441
19687 5303
19697 6671
19711 791
19711 13489
19727 10303
19751 3791
19753 15497
19759 2287
19777 10927
19783 5593
19783 16031
19793 263
19801 10801
19831 14969
19831 17111
19841 4519
19847 1321
19847 9121
19849 7343
19849 17657
19871 3449
19871 11303
19873 2383
19873 8257
19873 11639
19873 18761
19879 15721
19879 19319
19889 4249
19913 2737
19919 16481
19927 6239
19937 11809
19951 6257
19951 17249
19961 12359
19967 8743
19967 9817
19991 18809
19993 8023
19999 12319
19999 19601
