3 1
5 1
5 3
7 1
7 3
7 5
9 1
9 5
9 7
11 1
11 3
11 5
11 7
11 9
13 1
13 3
13 5
13 7
13 9
13 11
15 1
15 7
15 11
15 13
17 1
17 3
17 5
17 7
17 9
17 11
17 13
17 15
19 1
19 3
19 5
19 7
19 9
19 11
19 13
19 15
19 17
21 1
21 5
21 11
21 13
21 17
21 19
23 1
23 3
23 5
23 7
23 9
23 11
23 13
23 15
23 17
23 19
23 21
25 1
25 3
25 7
25 9
25 11
25 13
25 17
25 19
25 21
25 23
27 1
27 5
27 7
27 11
27 13
27 17
27 19
27 23
27 25
29 1
29 3
29 5
29 7
29 9
29 11
29 13
29 15
29 17
29 19
29 21
29 23
29 25
29 27
31 1
31 3
31 5
31 7
31 9
31 11
31 13
31 15
31 17
31 19
31 21
31 23
31 25
31 27
31 29
33 1
33 5
33 7
33 13
33 17
33 19
33 23
33 25
33 29
33 31
35 1
35 3
35 9
35 11
35 13
35 17
35 19
35 23
35 27
35 29
35 31
35 33
37 1
37 3
37 5
37 7
37 9
37 11
37 13
37 15
37 17
37 19
37 21
37 23
37 25
37 27
37 29
37 31
37 33
37 35
39 1
39 5
39 7
39 11
39 17
39 19
39 23
39 25
39 29
39 31
39 35
39 37
41 1
41 3
41 5
41 7
41 9
41 11
41 13
41 15
41 17
41 19
41 21
41 23
41 25
41 27
41 29
41 31
41 33
41 35
41 37
41 39
43 1
43 3
43 5
43 7
43 9
43 11
43 13
43 15
43 17
43 19
43 21
43 23
43 25
43 27
43 29
43 31
43 33
43 35
43 37
43 39
43 41
45 1
45 7
45 11
45 13
45 17
45 19
45 23
45 29
45 31
45 37
45 41
45 43
47 1
47 3
47 5
47 7
47 9
47 11
47 13
47 15
47 17
47 19
47 21
47 23
47 25
47 27
47 29
47 31
47 33
47 35
47 37
47 39
47 41
47 43
47 45
49 1
49 3
49 5
49 9
49 11
49 13
49 15
49 17
49 19
49 23
49 25
49 27
49 29
49 31
49 33
49 37
49 39
49 41
49 43
49 45
49 47
51 1
51 5
51 7
51 11
51 13
51 19
51 23
51 25
51 29
51 31
51 35
51 37
51 41
51 43
51 47
51 49
53 1
53 3
53 5
53 7
53 9
53 11
53 13
53 15
53 17
53 19
53 21
53 23
53 25
53 27
53 29
53 31
53 33
53 35
53 37
53 39
53 41
53 43
53 45
53 47
53 49
53 51
55 1
55 3
55 7
55 9
55 13
55 17
55 19
55 21
55 23
55 27
55 29
55 31
55 37
55 39
55 41
55 43
55 47
55 49
55 51
55 53
57 1
57 5
57 7
57 11
57 13
57 17
57 23
57 25
57 29
57 31
57 35
57 37
57 41
57 43
57 47
57 49
57 53
57 55
59 1
59 3
59 5
59 7
59 9
59 11
59 13
59 15
59 17
59 19
59 21
59 23
59 25
59 27
59 29
59 31
59 33
59 35
59 37
59 39
59 41
59 43
59 45
59 47
59 49
59 51
59 53
59 55
59 57
61 1
61 3
61 5
61 7
61 9
61 11
61 13
61 15
61 17
61 19
61 21
61 23
61 25
61 27
61 29
61 31
61 33
61 35
61 37
61 39
61 41
61 43
61 45
61 47
61 49
61 51
61 53
61 55
61 57
61 59
63 1
63 5
63 11
63 13
63 17
63 19
63 23
63 25
63 29
63 31
63 37
63 41
63 43
63 47
63 53
63 55
63 59
63 61
65 1
65 3
65 7
65 9
65 11
65 17
65 19
65 21
65 23
65 27
65 29
65 31
65 33
65 37
65 41
65 43
65 47
65 49
65 51
65 53
65 57
65 59
65 61
65 63
67 1
67 3
67 5
67 7
67 9
67 11
67 13
67 15
67 17
67 19
67 21
67 23
67 25
67 27
67 29
67 31
67 33
67 35
67 37
67 39
67 41
67 43
67 45
67 47
67 49
67 51
67 53
67 55
67 57
67 59
67 61
67 63
67 65
69 1
69 5
69 7
69 11
69 13
69 17
69 19
69 25
69 29
69 31
69 35
69 37
69 41
69 43
69 47
69 49
69 53
69 55
69 59
69 61
69 65
69 67
71 1
71 3
71 5
71 7
71 9
71 11
71 13
71 15
71 17
71 19
71 21
71 23
71 25
71 27
71 29
71 31
71 33
71 35
71 37
71 39
71 41
71 43
71 45
71 47
71 49
71 51
71 53
71 55
71 57
71 59
71 61
71 63
71 65
71 67
71 69
73 1
73 3
73 5
73 7
73 9
73 11
73 13
73 15
73 17
73 19
73 21
73 23
73 25
73 27
73 29
73 31
73 33
73 35
73 37
73 39
73 41
73 43
73 45
73 47
73 49
73 51
73 53
73 55
73 57
73 59
73 61
73 63
73 65
73 67
73 69
73 71
75 1
75 7
75 11
75 13
75 17
75 19
75 23
75 29
75 31
75 37
75 41
75 43
75 47
75 49
75 53
75 59
75 61
75 67
75 71
75 73
77 1
77 3
77 5
77 9
77 13
77 15
77 17
77 19
77 23
77 25
77 27
77 29
77 31
77 37
77 39
77 41
77 43
77 45
77 47
77 51
77 53
77 57
77 59
77 61
77 65
77 67
77 69
77 71
77 73
77 75
79 1
79 3
79 5
79 7
79 9
79 11
79 13
79 15
79 17
79 19
79 21
79 23
79 25
79 27
79 29
79 31
79 33
79 35
79 37
79 39
79 41
79 43
79 45
79 47
79 49
79 51
79 53
79 55
79 57
79 59
79 61
79 63
79 65
79 67
79 69
79 71
79 73
79 75
79 77
81 1
81 5
81 7
81 11
81 13
81 17
81 19
81 23
81 25
81 29
81 31
81 35
81 37
81 41
81 43
81 47
81 49
81 53
81 55
81 59
81 61
81 65
81 67
81 71
81 73
81 77
81 79
83 1
83 3
83 5
83 7
83 9
83 11
83 13
83 15
83 17
83 19
83 21
83 23
83 25
83 27
83 29
83 31
83 33
83 35
83 37
83 39
83 41
83 43
83 45
83 47
83 49
83 51
83 53
83 55
83 57
83 59
83 61
83 63
83 65
83 67
83 69
83 71
83 73
83 75
83 77
83 79
83 81
85 1
85 3
85 7
85 9
85 11
85 13
85 19
85 21
85 23
85 27
85 29
85 31
85 33
85 37
85 39
85 41
85 43
85 47
85 49
85 53
85 57
85 59
85 61
85 63
85 67
85 69
85 71
85 73
85 77
85 79
85 81
85 83
87 1
87 5
87 7
87 11
87 13
87 17
87 19
87 23
87 25
87 31
87 35
87 37
87 41
87 43
87 47
87 49
87 53
87 55
87 59
87 61
87 65
87 67
87 71
87 73
87 77
87 79
87 83
87 85
89 1
89 3
89 5
89 7
89 9
89 11
89 13
89 15
89 17
89 19
89 21
89 23
89 25
89 27
89 29
89 31
89 33
89 35
89 37
89 39
89 41
89 43
89 45
89 47
89 49
89 51
89 53
89 55
89 57
89 59
89 61
89 63
89 65
89 67
89 69
89 71
89 73
89 75
89 77
89 79
89 81
89 83
89 85
89 87
91 1
91 3
91 5
91 9
91 11
91 15
91 17
91 19
91 23
91 25
91 27
91 29
91 31
91 33
91 37
91 41
91 43
91 45
91 47
91 51
91 53
91 55
91 57
91 59
91 61
91 67
91 69
91 71
91 73
91 75
91 79
91 81
91 83
91 85
91 87
91 89
93 1
93 5
93 7
93 11
93 13
93 17
93 19
93 23
93 25
93 29
93 35
93 37
93 41
93 43
93 47
93 49
93 53
93 55
93 59
93 61
93 65
93 67
93 71
93 73
93 77
93 79
93 83
93 85
93 89
93 91
95 1
95 3
95 7
95 9
95 11
95 13
95 17
95 21
95 23
95 27
95 29
95 31
95 33
95 37
95 39
95 41
95 43
95 47
95 49
95 51
95 53
95 59
95 61
95 63
95 67
95 69
95 71
95 73
95 77
95 79
95 81
95 83
95 87
95 89
95 91
95 93
97 1
97 3
97 5
97 7
97 9
97 11
97 13
97 15
97 17
97 19
97 21
97 23
97 25
97 27
97 29
97 31
97 33
97 35
97 37
97 39
97 41
97 43
97 45
97 47
97 49
97 51
97 53
97 55
97 57
97 59
97 61
97 63
97 65
97 67
97 69
97 71
97 73
97 75
97 77
97 79
97 81
97 83
97 85
97 87
97 89
97 91
97 93
97 95
99 1
99 5
99 7
99 13
99 17
99 19
99 23
99 25
99 29
99 31
99 35
99 37
99 41
99 43
99 47
99 49
99 53
99 59
99 61
99 65
99 67
99 71
99 73
99 79
99 83
99 85
99 89
99 91
99 95
99 97
101 1
101 3
101 5
101 7
101 9
101 11
101 13
101 15
101 17
101 19
101 21
101 23
101 25
101 27
101 29
101 31
101 33
101 35
101 37
101 39
101 41
101 43
101 45
101 47
101 49
101 51
101 53
101 55
101 57
101 59
101 61
101 63
101 65
101 67
101 69
101 71
101 73
101 75
101 77
101 79
101 81
101 83
101 85
101 87
101 89
101 91
101 93
101 95
101 97
101 99103 19
103 9
103 1
103 31
103 37
103 13
103 29
103 15
103 11
103 21
103 17
103 7
103 5
103 39
103 43
103 41
103 51
103 53
103 49
103 45
103 59
103 61
103 63
103 65
103 23
103 55
103 57
103 67
103 77
103 71
103 69
103 87
103 79
103 91
103 73
103 85
103 83
103 93
103 47
103 89
103 101
103 95
103 97
103 99
103 35
105 13
105 11
105 17
105 29
105 19
105 31
105 41
105 37
105 47
105 61
105 59
105 23
103 3
105 43
105 73
107 5
105 89
105 83
105 79
107 1
105 103
107 3
107 15
107 11
107 17
107 19
107 23
103 33
107 29
107 31
105 67
107 27
107 33
107 37
107 39
107 35
107 45
105 101
107 41
107 7
107 49
107 43
107 53
107 57
107 59
107 61
107 25
105 1
107 65
103 25
107 13
107 63
107 67
107 69
107 9
107 75
107 71
107 21
105 71
107 79
107 77
107 73
107 83
107 91
107 93
103 27
107 85
107 99
107 103
107 55
107 101
107 87
109 5
107 89
107 95
109 7
105 53
109 3
103 75
109 9
109 13
109 17
107 105
109 21
105 97
109 25
109 19
109 27
109 29
109 33
109 35
109 37
109 39
109 43
109 41
109 47
109 51
109 55
109 49
109 59
109 65
107 47
109 63
109 67
109 61
109 69
109 31
109 79
109 15
109 83
109 75
109 73
109 81
109 77
109 95
109 97
109 89
109 99
107 51
109 85
109 103
109 107
103 81
107 97
111 5
111 11
111 13
111 19
111 17
111 25
111 23
109 45
109 57
109 53
111 29
111 31
111 35
111 43
111 47
111 55
111 49
111 41
109 23
111 53
111 59
109 87
111 65
111 83
111 85
111 67
111 73
111 77
111 79
111 7
109 1
111 91
109 101
111 71
111 97
111 103
111 109
113 1
113 3
109 11
113 7
113 5
113 11
109 93
113 9
113 13
113 19
113 15
113 17
111 1
113 23
113 25
113 27
113 21
113 29
113 31
113 37
113 35
113 33
113 43
111 89
111 101
113 47
113 45
107 81
113 53
113 55
113 51
113 57
113 49
113 59
113 61
109 105
113 67
113 65
113 69
113 71
113 77
113 83
113 87
113 85
113 91
113 89
111 95
113 93
113 101
113 63
113 99
113 97
113 39
113 107
113 109
113 95
113 111
115 1
115 9
115 3
115 7
115 13
115 19
115 11
115 17
115 21
115 27
115 33
115 31
113 75
115 37
115 29
115 41
113 81
109 91
115 57
115 53
115 61
115 59
113 103
115 73
115 77
115 71
111 107
115 79
115 81
115 87
115 43
115 83
113 41
113 79
115 89
115 101
115 99
115 111
109 71
115 103
115 107
115 113
117 1
117 7
117 5
117 17
117 11
115 63
117 23
117 25
117 19
113 73
115 39
115 49
117 31
117 41
117 47
117 43
117 49
117 35
117 53
117 61
117 73
117 67
115 51
117 77
117 55
111 61
117 83
115 91
117 97
117 37
113 105
117 109
117 107
115 97
115 109
117 85
117 115
119 3
119 5
119 9
117 103
117 101
119 15
117 29
119 13
119 23
119 1
119 33
119 27
119 25
119 19
117 59
119 39
119 41
119 37
119 45
119 43
119 47
117 71
119 53
119 61
119 55
119 59
119 65
119 69
119 31
119 67
117 95
117 113
119 71
119 75
119 79
119 73
119 81
119 87
119 93
115 67
119 83
119 99
119 109
119 89
119 103
119 107
119 97
119 113
121 1
121 13
121 3
121 9
119 111
121 7
115 47
121 15
119 117
121 27
121 21
121 25
121 29
121 23
121 31
121 35
121 37
121 41
121 39
121 43
121 51
121 53
121 57
121 59
121 45
121 47
121 63
121 67
121 61
121 65
119 101
121 69
121 5
121 71
121 79
121 73
121 49
121 75
121 83
121 81
121 87
121 91
121 85
117 89
121 89
121 93
121 107
121 95
121 97
121 103
121 105
121 113
121 111
121 115
123 1
121 119
123 7
123 11
119 29
123 17
123 19
123 13
119 11
123 23
123 35
123 29
123 25
121 19
123 43
123 37
123 47
123 49
119 57
123 61
123 55
119 95
123 67
121 117
123 71
123 73
121 17
123 5
123 77
123 53
121 101
123 83
123 91
123 95
117 79
123 89
123 119
123 115
123 113
123 121
125 1
123 109
125 7
125 3
125 9
123 107
125 11
125 13
125 21
125 19
125 27
125 17
123 65
125 23
119 115
125 29
125 37
125 41
125 43
125 49
123 97
125 39
125 33
125 47
125 57
125 59
125 61
125 53
125 67
123 85
125 71
115 93
125 63
125 79
125 81
123 31
123 101
125 87
125 83
125 89
125 93
125 91
125 69
125 113
125 99
125 31
125 117
125 101
125 119
125 111
127 1
127 5
127 7
121 109
123 59
127 11
127 13
127 19
127 21
127 15
127 17
127 27
127 23
123 103
127 29
125 123
127 31
127 37
127 35
127 41
125 107
127 43
125 77
127 45
127 39
127 51
127 47
127 49
127 53
127 55
127 61
125 51
127 69
127 59
127 67
127 73
127 65
127 77
127 75
127 79
127 83
125 103
127 87
127 89
127 91
127 99
127 95
123 79
127 103
127 109
127 107
127 111
127 57
127 113
125 109
127 33
127 115
127 119
127 121
127 117
127 125
129 7
129 11
129 5
129 13
127 3
127 81
125 73
127 9
129 1
129 17
129 23
129 25
129 19
129 29
129 31
127 93
129 47
129 37
129 61
129 53
127 71
129 49
129 59
129 67
129 41
129 71
129 73
129 55
129 83
129 77
129 79
129 85
129 89
125 97
129 65
129 95
127 63
129 97
129 101
129 109
129 103
129 115
129 119
129 125
131 1
129 113
129 107
129 127
131 3
127 97
131 5
129 121
131 7
129 35
131 11
127 123
125 121
131 17
131 19
127 85
131 23
131 9
131 25
131 31
131 33
131 15
131 27
131 29
131 41
127 101
131 37
131 39
131 45
131 47
131 55
131 43
131 53
131 35
131 65
131 57
131 59
131 67
131 21
127 25
131 71
131 77
131 79
131 81
131 73
131 83
131 69
131 93
131 75
131 91
131 97
131 107
127 105
131 99
131 103
131 13
131 113
131 111
131 121
131 119
131 127
131 115
131 87
131 49
131 129
133 1
133 11
131 63
133 3
131 61
131 101
131 51
131 123
133 13
131 95
133 17
133 15
131 89
133 23
133 25
133 31
133 27
133 29
133 33
133 41
133 53
133 39
133 45
133 55
133 43
133 61
133 59
133 47
133 65
133 67
131 117
133 69
133 73
133 87
133 79
131 109
133 83
133 85
133 97
133 89
133 93
133 103
133 101
133 99
133 113
133 117
133 123
133 115
133 121
131 105
133 9
133 127
131 85
129 91
135 1
133 129
135 7
135 11
135 19
133 75
133 125
135 23
133 131
133 111
135 31
135 29
135 41
135 43
135 37
133 37
135 47
135 61
135 49
135 53
135 77
135 79
135 91
131 125
133 71
135 71
135 97
135 83
135 101
135 107
135 73
135 109
133 109
135 67
135 113
135 119
135 133
137 1
135 131
137 3
133 5
137 5
137 11
137 9
137 13
137 7
137 17
137 19
135 121
137 21
137 25
137 23
137 29
137 31
137 37
137 43
137 45
137 41
137 33
133 51
137 53
137 51
137 55
137 57
137 59
135 59
137 67
137 65
133 81
135 103
137 69
137 73
137 77
137 79
135 89
137 83
137 81
137 85
137 87
137 91
133 107
137 89
137 95
137 101
137 103
137 97
135 17
137 39
137 107
137 113
137 115
137 49
137 119
137 121
137 99
137 35
137 61
137 127
137 125
137 131
137 133
137 129
137 105
137 93
139 1
139 3
139 5
139 11
139 7
139 13
137 109
137 71
139 15
139 9
135 127
139 23
139 21
139 29
139 25
139 19
139 31
139 27
139 33
139 35
135 13
139 41
139 49
139 43
139 37
139 39
139 47
137 135
139 55
139 53
137 27
139 57
139 67
139 63
139 77
137 75
139 71
139 73
139 79
139 69
139 75
139 83
139 45
139 91
139 87
139 51
139 85
139 103
137 47
139 101
139 99
139 17
139 59
139 111
139 105
139 109
139 107
139 113
137 111
137 15
139 117
139 119
139 133
139 127
139 123
139 115
139 131
139 81
139 137
139 135
139 65
141 7
141 5
141 13
137 117
141 17
137 63
141 11
141 1
139 93
141 19
141 29
141 23
141 25
141 37
137 123
141 49
141 41
141 43
141 55
141 59
141 67
141 61
141 73
141 71
141 83
141 89
141 77
141 91
139 125
139 121
141 97
141 95
141 103
141 53
141 121
139 61
141 101
139 97
141 131
141 119
141 109
141 113
141 127
141 133
141 107
141 137
143 1
143 9
143 7
143 5
143 19
143 21
143 17
143 15
139 95
143 27
143 29
143 25
143 41
143 35
143 37
141 31
143 23
143 51
139 129
141 139
143 45
143 53
141 79
143 49
143 59
143 57
141 125
141 115
143 61
143 75
143 69
143 79
143 83
143 81
143 73
143 67
143 71
143 89
141 85
143 93
143 87
143 107
143 97
143 101
143 103
139 89
143 111
143 3
143 115
143 43
143 95
143 125
141 65
143 127
143 135
143 131
143 133
143 139
143 137
143 113
145 1
145 3
143 141
145 7
145 9
145 17
145 19
145 21
145 23
145 27
143 129
143 47
145 33
145 43
145 51
145 49
145 37
145 47
145 53
141 35
143 123
145 57
145 59
145 61
145 67
145 69
145 39
143 31
145 79
145 77
145 81
143 63
145 83
143 85
145 91
145 71
143 109
145 93
143 105
145 97
145 117
145 113
145 31
145 121
145 13
145 127
145 119
145 131
145 103
145 137
145 111
145 141
147 11
145 107
147 5
143 119
145 109
147 17
145 99
147 19
147 23
147 25
147 29
147 37
147 13
147 31
145 123
147 43
145 129
147 53
147 41
147 47
147 55
147 65
147 61
147 59
147 71
145 101
145 139
147 85
147 83
147 97
147 107
147 67
147 101
147 103
147 121
147 109
147 115
147 137
147 131
147 127
147 143
145 63
147 145
149 1
149 5
149 7
149 9
149 11
147 125
149 13
145 11
147 139
149 17
149 19
149 23
147 1
149 29
149 3
149 35
145 89
147 113
149 31
149 37
149 25
149 21
147 95
149 47
149 43
149 49
149 41
149 53
149 57
149 15
149 39
147 79
149 51
149 61
149 69
149 75
149 27
149 73
149 79
149 77
149 81
145 73
149 87
149 85
149 63
145 133
149 91
149 89
149 55
145 143
149 97
149 103
149 99
149 101
149 105
149 59
149 107
149 33
145 41
149 109
149 113
149 71
149 121
149 127
149 125
149 129
149 131
149 133
149 137
149 115
147 73
149 135
149 139
149 141
147 89
151 5
151 1
149 67
149 147
149 65
149 45
151 7
149 83
151 9
151 13
151 17
151 25
151 27
151 29
151 31
151 35
149 119
151 37
151 33
151 43
151 41
151 49
151 45
151 47
151 51
151 55
149 93
151 59
151 15
151 57
151 53
151 61
151 65
151 77
151 71
151 67
151 21
151 73
151 79
151 81
151 85
151 83
149 143
151 91
151 39
151 93
149 111
149 95
151 97
151 75
151 101
151 11
151 69
151 107
151 103
151 109
149 145
151 113
151 111
149 117
151 117
149 123
151 121
151 129
151 133
151 131
151 137
151 135
151 23
151 139
151 145
151 3
151 143
151 141
153 5
153 1
151 149
153 11
153 7
153 25
151 19
153 29
153 31
153 35
151 125
153 13
153 47
153 49
153 53
151 115
153 55
153 65
153 67
153 61
153 79
153 19
153 23
151 87
153 89
153 91
153 43
151 99
153 59
153 77
153 95
151 127
151 105
153 101
153 97
153 107
153 41
153 125
153 115
153 131
153 137
153 143
151 147
153 109
153 149
153 133
155 1
153 71
155 3
155 7
153 145
155 9
155 11
155 13
155 21
153 37
155 27
155 33
155 19
155 37
155 41
155 39
153 121
155 49
155 43
151 63
153 113
155 53
151 89
151 119
155 59
155 57
151 95
153 127
155 63
153 83
155 67
155 69
155 71
155 77
155 81
155 83
155 89
155 91
151 123
155 99
155 103
155 101
155 61
155 111
155 109
155 107
155 113
155 117
155 121
155 51
155 119
155 137
155 127
155 141
155 139
155 131
155 149
155 143
153 103
155 153
157 1
157 5
157 3
153 139
155 147
155 87
157 9
157 7
155 133
157 11
155 73
155 129
157 15
155 151
157 19
157 29
157 27
157 17
157 21
157 23
155 17
157 25
157 13
157 41
157 49
157 51
157 37
157 33
153 73
157 53
157 43
157 57
155 23
157 55
157 59
155 123
157 65
153 151
157 61
157 71
157 67
157 69
157 73
157 75
157 79
157 81
157 77
157 83
157 95
157 85
157 91
157 93
157 63
155 47
157 101
157 109
157 113
157 103
155 79
157 117
157 31
157 99
157 107
157 115
157 121
157 47
157 127
157 123
157 131
157 133
157 129
157 137
157 135
157 139
157 125
157 143
157 149
157 153
157 147
157 141
157 151
159 5
157 105
159 7
157 155
159 1
159 19
159 23
159 11
155 29
159 13
159 31
159 37
157 35
157 89
159 47
159 59
157 145
159 67
157 45
159 65
159 49
159 71
159 43
159 73
159 85
159 89
159 95
159 79
159 97
159 77
159 91
159 103
159 17
159 113
159 115
159 119
159 109
159 125
159 131
157 39
159 35
157 119
159 139
159 107
159 143
159 121
157 111
159 149
159 25
161 1
161 5
157 87
161 3
161 9
159 133
161 13
159 41
159 55
161 17
161 11
161 19
161 15
159 157
159 29
161 29
161 31
161 27
161 37
161 43
161 41
161 45
161 33
161 39
161 53
159 155
161 51
159 83
161 65
161 67
161 61
159 145
161 57
161 73
155 97
161 75
161 79
161 55
161 85
161 83
161 59
161 81
161 93
161 97
161 101
159 137
161 111
161 107
161 109
161 95
161 99
161 87
161 113
161 125
159 151
161 131
161 123
161 137
161 129
161 143
161 141
161 149
161 127
159 101
161 117
161 139
161 145
161 153
161 151
157 97
161 155
163 1
161 157
161 159
163 3
163 13
163 11
163 21
161 89
161 25
163 15
163 19
163 27
159 61
163 29
163 41
163 5
163 39
161 103
163 49
163 47
163 51
163 45
161 121
163 55
163 7
163 33
163 53
163 9
163 25
163 61
163 65
163 63
163 69
163 67
163 73
163 79
163 17
163 43
163 77
163 83
163 71
163 95
163 75
161 47
163 93
163 97
163 99
163 101
163 105
163 103
159 127
163 107
163 111
163 89
163 115
163 113
163 109
163 121
163 117
163 125
163 129
163 131
163 87
163 135
163 31
163 141
163 143
163 133
163 23
163 145
163 149
163 147
163 35
163 155
163 159
163 85
163 161
165 13
163 157
165 7
165 1
163 127
165 19
165 17
163 59
165 31
165 29
165 37
163 153
163 119
165 41
165 47
165 43
163 57
165 59
165 67
165 79
165 71
161 135
163 37
165 97
165 53
165 61
165 91
165 103
165 107
165 113
165 101
165 119
165 109
165 49
165 137
165 133
165 131
165 23
165 163
163 123
163 91
167 1
167 5
167 3
165 139
161 71
165 83
165 161
167 9
167 7
167 11
165 89
163 139
167 19
167 17
167 27
163 81
167 29
167 25
167 15
167 33
167 31
167 37
165 149
167 41
167 39
167 51
167 53
165 73
167 49
163 137
167 55
167 61
167 59
167 57
167 47
165 157
167 65
167 69
163 151
167 75
167 73
167 83
167 81
167 77
167 79
167 89
167 21
167 87
167 91
167 99
167 97
167 101
167 71
167 107
167 13
167 45
167 115
167 109
167 113
167 119
167 121
167 129
167 127
167 111
167 133
167 131
167 139
167 137
165 151
167 141
167 143
167 149
167 117
167 95
167 155
167 105
167 157
167 159
167 23
167 161
167 135
167 151
167 123
167 165
167 35
169 1
169 5
169 7
167 103
169 17
169 9
169 25
169 23
169 27
169 29
169 31
169 21
169 35
169 33
169 37
167 63
167 93
169 43
169 3
169 41
169 47
169 53
169 51
165 127
169 61
169 19
169 55
169 63
167 125
169 67
169 71
169 15
169 69
167 153
169 11
169 45
169 77
169 73
169 83
169 81
169 89
169 85
169 99
169 93
169 79
169 95
169 109
169 105
169 115
167 43
169 111
167 85
169 121
169 127
169 49
169 119
169 123
169 75
169 125
169 133
169 131
169 129
169 59
169 135
169 57
169 139
169 137
169 145
169 155
169 147
169 101
169 149
169 151
169 153
169 159
169 161
169 163
169 157
171 7
171 1
171 11
169 167
169 165
171 23
167 67
171 13
171 17
171 31
169 97
171 43
169 113
171 25
171 29
169 107
171 49
167 145
171 55
171 59
171 71
171 61
171 67
171 77
171 73
171 35
171 97
169 103
171 91
171 101
171 103
171 107
171 41
171 65
171 109
171 119
171 115
171 85
171 125
171 127
171 137
171 131
171 113
171 83
171 145
167 163
171 53
171 149
171 151
171 139
171 163
173 1
171 155
173 3
171 167
171 157
171 143
169 141
173 5
173 17
173 13
173 15
171 79
171 37
173 29
173 21
173 33
173 31
171 5
173 37
173 35
173 43
173 39
167 147
171 161
173 27
169 87
173 41
171 89
173 45
171 47
173 49
173 51
173 61
173 55
171 169
173 59
173 67
173 65
173 71
173 77
173 25
173 53
173 73
173 81
173 79
173 19
173 83
173 87
173 7
173 91
173 89
173 93
173 97
173 69
173 103
173 99
173 101
173 109
173 111
173 85
173 115
173 119
173 121
173 117
173 113
173 127
173 75
173 131
173 133
173 125
173 139
173 135
173 149
173 153
173 151
173 129
173 105
173 147
173 157
173 11
173 9
173 57
173 161
173 163
173 169
173 123
175 3
175 1
175 9
175 11
175 13
175 17
175 19
173 143
175 23
171 121
175 27
175 29
173 95
175 31
175 37
175 41
175 47
175 33
173 165
175 53
175 59
175 67
175 69
173 23
173 171
175 57
175 79
173 63
175 81
175 87
175 93
175 97
175 101
173 47
173 107
175 103
175 107
173 141
173 155
175 113
175 111
175 121
175 89
175 131
173 137
175 129
175 139
175 143
173 159
175 157
175 61
173 145
173 167
175 159
175 109
175 163
175 169
175 39
175 137
175 173
177 1
177 7
177 13
177 5
177 11
175 149
177 25
177 19
175 99
175 171
177 29
177 35
177 37
177 47
177 23
175 153
175 117
177 49
175 83
177 53
177 31
177 55
177 73
177 67
177 43
177 65
177 79
177 83
177 89
177 91
175 127
177 95
177 103
177 107
177 109
177 113
175 73
177 41
177 17
177 101
177 131
177 119
177 115
177 121
177 125
177 139
177 143
177 61
177 149
177 133
177 163
177 71
175 123
177 167
177 169
177 173
177 157
177 175
179 7
175 141
179 9
179 11
175 43
179 13
179 3
179 15
177 77
177 85
179 17
179 19
179 23
179 21
177 151
177 127
175 71
179 25
179 31
179 37
177 161
179 35
179 41
179 43
175 151
179 47
179 49
179 51
179 55
179 45
179 39
179 59
175 167
179 61
179 67
179 63
179 69
179 29
179 77
179 79
179 83
179 85
177 155
179 73
179 87
179 95
179 91
179 97
179 89
179 65
177 145
179 99
179 103
175 51
179 81
179 75
179 107
179 111
179 113
179 109
179 115
179 5
179 121
179 119
179 33
179 125
179 105
179 127
179 123
179 137
179 133
179 101
179 147
179 145
179 143
179 149
179 135
179 93
179 129
179 153
179 159
179 161
179 167
179 53
177 97
177 137
179 171
179 177
181 3
179 27
179 71
181 7
181 11
181 5
179 163
179 157
181 15
181 17
181 13
179 175
181 21
181 25
181 27
181 29
181 31
181 33
181 37
181 1
181 9
181 41
179 173
179 131
181 43
179 141
179 1
181 35
181 47
181 49
179 117
179 139
181 39
181 61
181 57
181 51
181 55
181 65
181 45
181 59
181 67
181 71
181 69
181 73
181 77
181 63
181 83
181 79
181 53
181 87
181 89
181 95
181 91
181 97
179 57
179 155
181 105
181 85
181 109
181 113
181 111
181 93
181 121
181 119
181 125
181 123
181 127
181 99
181 117
181 131
181 129
181 137
181 133
181 81
181 143
181 141
179 151
181 75
181 145
181 135
181 149
181 139
181 101
181 155
181 153
181 171
181 147
181 167
181 169
181 19
181 161
181 175
181 163
181 177
183 1
181 107
183 5
181 151
183 13
179 169
183 19
181 115
183 11
183 23
183 31
181 23
183 37
181 179
181 159
183 49
183 47
183 53
183 7
181 157
183 65
183 67
183 73
183 85
183 29
183 83
183 55
183 77
183 43
181 165
183 89
183 113
183 107
183 79
183 109
183 115
179 165
183 119
181 103
183 91
183 95
183 133
183 127
183 145
183 149
183 151
183 137
183 35
183 161
183 173
183 163
183 101
183 175
183 71
183 121
181 173
183 25
183 181
183 59
183 139
183 131
183 179
185 3
185 13
185 9
183 143
185 17
185 1
183 97
185 19
185 21
183 103
185 43
185 29
185 41
185 7
185 33
185 47
183 169
185 59
185 53
185 57
185 61
185 63
185 71
185 77
185 73
183 167
185 69
185 83
185 81
185 89
185 91
185 39
185 27
183 125
185 49
185 107
185 103
185 101
185 87
185 93
185 99
185 117
185 97
185 129
185 31
185 121
185 123
185 127
185 51
185 119
185 149
185 141
185 79
185 151
183 41
185 143
185 161
185 163
185 169
185 171
185 159
185 173
185 139
185 181
185 177
185 179
183 157
187 7
187 5
187 9
187 13
185 183
183 17
187 19
187 15
187 21
187 23
185 157
185 109
187 25
187 29
187 27
187 39
185 67
187 3
187 37
187 41
187 31
187 43
187 57
187 53
187 49
187 61
187 59
187 47
185 167
187 63
183 155
187 65
187 71
187 69
185 133
187 73
187 75
187 1
187 81
187 83
187 91
187 89
187 95
187 93
185 147
187 87
187 103
187 105
185 153
187 107
187 109
187 111
187 123
187 127
187 131
187 129
187 135
187 133
187 113
187 137
185 11
187 139
187 141
187 145
187 149
187 147
187 155
187 157
187 45
187 159
187 161
187 101
187 67
187 163
187 167
187 169
187 175
187 181
187 151
185 131
187 183
187 185
187 177
187 117
189 5
189 17
187 179
189 23
187 79
189 25
189 29
189 37
189 31
189 43
189 41
185 113
189 47
189 61
189 11
189 59
187 35
189 67
189 71
189 85
189 89
189 73
189 97
189 65
189 107
187 125
189 113
187 173
189 121
189 13
189 53
189 19
189 127
189 137
189 101
189 125
189 139
189 143
187 171
189 157
189 149
189 151
189 79
185 137
189 83
189 1
189 167
189 173
189 103
189 109
191 3
191 1
191 9
191 7
189 55
189 155
189 163
187 115
189 169
191 21
191 23
189 181
189 95
191 29
189 187
191 39
189 131
191 37
191 31
191 15
185 23
191 43
191 47
187 97
191 45
191 57
191 13
191 51
191 49
191 55
191 63
191 67
191 61
191 69
191 73
191 11
189 145
191 71
189 185
191 85
191 83
189 179
189 115
191 5
191 89
191 75
191 27
191 35
191 81
191 99
191 77
191 97
191 101
191 107
191 109
191 105
191 111
191 113
191 115
191 17
191 123
191 125
191 127
191 33
191 93
191 19
191 87
191 129
191 131
191 137
191 141
191 147
191 25
191 149
191 153
191 53
191 157
191 159
191 79
191 161
191 165
191 103
191 167
191 143
191 117
191 175
191 169
191 119
191 133
191 155
191 139
191 185
191 145
191 41
193 1
193 3
193 9
193 11
191 183
193 13
191 163
191 151
191 65
193 23
193 21
191 177
193 25
191 181
193 27
193 17
193 31
193 35
191 135
193 41
191 91
193 43
193 45
191 95
193 47
193 19
191 171
193 51
193 49
193 53
193 59
193 65
193 69
193 67
191 173
193 37
193 75
193 73
193 77
193 81
193 63
193 79
193 83
191 59
193 93
191 187
193 15
193 39
193 97
193 101
193 99
193 109
193 33
193 85
193 29
193 5
193 113
193 61
193 91
193 121
193 111
191 179
193 123
193 127
193 115
193 131
193 133
193 57
193 117
193 137
193 139
193 125
193 145
193 107
193 7
193 149
193 153
193 159
193 157
193 55
193 151
193 161
191 121
193 105
193 163
193 171
193 169
193 155
193 71
193 87
193 175
193 177
193 141
193 181
193 185
193 147
191 189
195 1
195 11
193 191
195 23
195 29
193 89
195 31
193 179
195 43
195 49
193 183
193 167
195 37
193 173
193 189
195 59
195 17
195 67
195 41
193 135
195 77
195 61
195 97
195 89
195 47
195 107
195 19
193 187
195 113
195 83
193 165
195 109
195 119
195 101
195 131
193 143
195 139
193 103
195 151
195 161
195 157
195 53
193 129
195 179
195 127
197 1
195 163
193 95
195 79
197 3
197 5
195 187
197 11
195 103
195 193
197 13
197 19
197 15
197 17
197 21
195 191
197 25
197 23
197 27
197 29
197 33
195 133
197 7
197 35
195 7
197 37
197 39
197 9
195 173
197 31
195 137
197 51
197 49
197 47
197 59
197 45
195 73
197 63
197 69
197 67
197 71
197 43
197 75
197 79
197 77
197 61
197 81
197 83
197 57
197 89
197 95
197 91
195 149
197 53
197 97
197 87
195 181
197 105
197 107
197 101
197 103
197 113
197 65
197 117
197 85
197 121
197 119
197 125
197 99
197 133
193 119
197 131
197 129
197 139
197 109
197 111
197 141
197 143
197 155
197 151
195 71
197 157
197 93
195 167
197 55
197 169
197 135
197 171
197 153
197 177
197 41
197 123
197 179
197 137
197 181
197 115
197 127
197 175
197 145
197 185
197 189
197 191
197 193
195 121
199 1
197 149
199 11
199 13
197 173
199 15
199 7
199 17
197 167
199 19
199 25
197 161
199 3
199 29
199 23
199 33
199 31
199 37
199 43
199 5
197 195
199 21
199 53
197 73
199 47
199 61
199 59
199 63
199 67
197 159
199 73
199 71
199 65
199 81
199 55
199 35
199 77
199 83
199 85
197 147
199 9
199 91
199 57
199 51
199 89
199 39
199 97
197 163
199 95
199 99
199 101
199 103
197 187
199 107
199 113
199 109
199 105
199 117
199 123
199 129
199 127
199 111
199 121
199 27
199 125
199 131
197 183
199 133
199 135
199 49
199 139
199 145
199 151
199 93
199 149
199 157
199 75
199 161
199 119
199 115
199 167
199 169
199 173
199 177
199 179
197 165
199 141
199 165
199 69
199 137
199 185
199 187
199 193
199 191
199 159
199 183
199 197
199 87
201 5
201 11
201 1
201 7
201 23
199 155
201 17
199 147
201 25
199 41
201 31
201 13
199 171
201 35
201 43
201 49
201 53
199 175
201 19
201 59
201 61
199 189
201 55
199 163
201 73
201 77
199 195
201 97
201 47
201 103
201 79
201 101
199 153
201 109
201 107
201 83
201 113
201 91
201 121
201 71
201 131
201 133
201 137
201 119
201 139
201 85
201 149
201 95
201 155
201 161
199 45
201 173
201 65
201 167
201 115
201 169
201 89
199 143
201 181
201 143
199 181
201 29
201 193
203 1
201 185
203 3
201 199
203 5
203 11
201 179
203 9
201 187
203 19
203 23
203 27
201 151
203 31
199 79
201 163
203 37
203 17
201 157
203 39
203 43
203 41
203 51
203 47
203 53
203 59
203 15
203 61
203 65
203 71
203 69
203 73
203 81
203 79
203 83
203 85
203 89
203 95
203 93
203 97
201 127
203 101
203 75
203 99
203 109
203 103
203 107
201 41
201 145
201 37
203 121
203 117
203 113
203 123
203 125
203 127
203 129
203 135
203 137
203 139
203 131
203 141
203 143
203 153
203 157
203 155
203 151
203 165
203 167
203 171
203 13
203 177
203 159
203 179
203 25
203 181
203 57
203 185
203 183
201 197
203 45
201 175
203 187
203 191
203 193
203 199
203 195
205 1
205 7
203 197
205 19
203 149
205 17
205 23
205 13
201 191
205 21
205 29
201 125
205 33
205 37
205 39
205 47
203 163
203 201
203 33
205 49
205 27
203 169
203 55
203 173
205 51
205 59
205 53
205 67
205 73
203 111
205 79
205 71
205 89
205 93
205 97
205 81
205 107
205 99
205 109
205 9
205 69
205 11
205 111
205 101
205 129
205 119
205 127
205 117
205 131
205 137
205 133
205 57
205 3
205 143
205 103
205 151
205 153
205 113
205 83
205 157
205 149
205 87
205 161
205 159
205 169
205 163
205 147
205 177
205 167
205 181
205 193
205 197
205 187
205 199
205 201
205 191
203 67
205 43
207 1
205 171
205 77
207 5
205 139
205 63
207 7
205 61
207 19
207 13
207 29
207 17
207 37
205 31
207 41
207 49
207 47
207 55
207 53
207 59
205 173
207 11
207 65
207 71
207 73
207 61
207 85
207 67
207 91
207 89
207 97
207 35
203 115
207 109
207 113
207 107
205 121
205 179
207 119
205 141
207 125
207 95
207 43
205 91
207 145
207 143
207 149
207 155
207 137
207 31
207 151
205 189
207 157
205 183
207 79
207 169
207 131
207 121
207 167
207 25
207 193
207 199
207 185
207 77
209 1
207 173
207 191
207 83
209 3
207 163
205 203
209 5
209 13
209 17
209 9
207 197
207 139
209 29
209 35
209 31
209 21
207 181
209 15
209 37
209 41
209 45
209 47
209 49
209 27
209 53
209 61
209 59
209 51
209 65
209 67
207 103
209 7
209 71
209 73
207 133
207 127
209 75
209 25
209 83
209 79
209 91
209 93
209 87
209 85
209 89
209 97
209 101
209 39
209 103
207 175
209 107
209 105
207 101
209 113
209 127
209 43
209 131
209 63
209 139
209 123
209 145
209 147
209 129
209 119
209 149
207 205
209 137
209 153
209 151
209 157
209 117
209 161
207 179
209 159
209 169
209 163
209 167
209 175
209 173
209 179
209 177
209 181
209 69
209 185
209 191
209 195
209 197
209 193
209 203
209 199
209 201
209 205
209 207
211 1
211 5
211 3
209 135
209 155
211 19
209 81
211 23
209 23
211 9
211 17
209 183
209 109
211 15
211 31
209 115
211 33
211 27
209 141
211 37
211 39
211 45
211 47
211 49
209 189
211 51
209 111
211 57
211 61
211 65
211 43
211 67
211 25
211 53
211 69
207 187
211 71
211 73
211 11
211 79
211 85
211 83
211 77
211 75
211 89
211 35
211 13
211 59
211 93
211 95
211 55
211 87
211 7
211 105
211 99
211 109
211 103
211 107
211 101
211 113
207 203
211 125
211 29
211 131
211 123
211 63
211 121
211 127
209 125
211 111
211 115
211 133
211 97
211 137
211 141
211 129
211 143
211 151
211 157
211 81
211 147
211 159
211 155
211 135
211 167
211 163
211 169
211 173
211 179
211 175
211 177
211 183
211 187
211 189
211 193
211 199
211 197
211 195
211 165
211 117
211 203
211 205
211 41
213 5
213 1
211 201
211 209
211 161
213 19
213 17
213 11
211 171
213 23
213 13
213 25
211 145
211 207
211 21
213 49
213 53
213 43
213 31
211 191
213 59
213 7
213 61
213 65
211 91
213 77
213 79
213 67
213 83
213 95
211 119
213 91
213 55
213 35
211 139
213 113
213 109
213 29
213 107
213 115
213 37
213 131
213 127
213 125
213 47
213 133
213 73
213 143
213 155
211 185
213 161
211 181
213 137
213 167
213 175
211 153
213 181
213 103
213 85
213 157
213 139
213 173
211 149
213 199
213 197
213 187
213 193
213 209
213 149
213 101
215 3
213 97
215 1
215 9
215 13
213 179
215 21
213 89
213 211
215 29
215 33
215 37
215 39
215 27
213 163
213 41
215 49
215 19
215 53
215 17
215 11
213 185
215 59
215 61
215 69
215 73
215 23
215 71
213 169
215 51
213 203
215 81
215 87
215 79
213 205
215 57
215 93
215 97
215 99
215 7
215 103
215 109
215 67
215 113
215 117
215 111
213 121
215 121
215 131
215 83
215 91
215 141
215 143
215 127
215 119
215 149
213 119
213 191
215 123
215 107
215 151
215 153
215 147
215 159
215 161
215 137
215 169
215 163
215 167
215 133
215 179
215 173
215 183
215 181
215 47
215 197
215 199
215 77
215 193
215 203
215 157
215 201
215 207
215 213
215 209
215 211
217 1
217 3
217 9
217 5
217 11
215 63
217 13
215 101
215 187
215 177
217 23
213 145
217 17
217 29
215 89
217 39
217 33
217 43
217 37
217 41
215 41
217 51
217 55
217 61
215 31
217 59
217 57
217 69
217 65
217 71
217 67
215 171
217 79
217 81
217 75
217 85
217 87
217 73
217 83
217 89
217 109
217 99
217 97
217 95
217 111
217 113
217 101
217 107
217 115
215 191
217 27
213 151
217 123
215 189
217 129
217 127
217 135
217 121
217 141
217 139
217 145
217 137
217 153
217 149
217 157
217 165
217 159
215 139
217 163
217 171
217 173
217 179
217 185
217 45
217 183
217 191
217 187
217 193
217 177
217 195
217 197
217 47
217 199
217 201
217 209
217 131
217 211
217 181
219 1
219 7
219 13
219 11
217 207
219 17
217 53
217 19
217 143
219 25
219 23
217 215
219 31
219 37
219 41
219 47
219 43
219 49
217 151
219 55
217 167
219 65
219 59
219 67
219 61
219 71
217 169
219 35
219 77
219 79
219 83
219 53
217 25
219 85
219 29
219 97
219 91
219 103
219 107
219 121
219 127
219 131
217 125
219 113
219 109
219 133
219 5
219 19
219 145
219 139
219 157
219 155
219 101
219 89
219 161
219 163
219 167
219 169
219 173
219 149
219 95
217 117
219 181
219 179
219 115
219 143
219 185
219 187
219 199
219 203
219 205
219 217
219 191
221 1
219 137
217 15
219 125
221 5
221 7
219 193
221 3
221 11
221 9
219 151
217 213
219 215
221 25
221 21
221 33
221 19
221 35
221 29
221 37
221 31
221 41
221 47
221 49
221 55
221 63
221 57
221 67
221 53
221 27
221 45
221 73
221 71
221 77
221 75
221 79
221 81
221 95
221 97
219 211
221 101
221 103
221 83
219 197
219 119
221 87
221 107
221 59
221 115
221 121
221 123
221 109
219 175
221 113
221 127
221 129
221 133
221 137
221 139
221 23
221 89
221 141
221 151
221 135
221 149
221 147
221 145
221 157
221 155
221 43
221 161
221 93
221 171
221 167
221 175
221 15
221 165
221 163
221 111
219 209
221 179
221 61
221 185
221 183
221 191
217 103
221 189
217 205
221 105
221 199
221 197
221 201
221 193
221 217
221 209
221 131
221 181
221 205
221 219
221 177
221 207
223 5
223 1
223 3
223 11
223 9
223 19
223 25
223 7
223 15
223 21
223 29
221 173
223 37
223 35
223 41
223 17
221 159
221 99
223 39
223 45
221 215
223 51
223 55
223 53
223 43
223 61
223 67
223 57
223 59
223 69
223 65
221 69
223 75
223 77
223 83
223 81
223 85
223 87
223 27
223 91
223 89
223 95
223 73
223 101
223 107
221 125
223 105
223 109
223 49
223 111
223 115
223 63
221 213
223 121
223 119
223 113
223 125
223 33
223 127
223 131
223 47
223 99
223 139
223 137
223 141
223 133
223 13
223 155
223 153
223 149
223 143
223 123
223 161
223 23
223 163
223 157
223 129
223 93
223 171
223 167
221 203
223 79
223 177
223 179
223 135
221 211
223 185
223 169
223 187
223 189
223 191
223 201
223 183
223 197
223 203
223 151
223 145
223 173
223 211
223 147
223 217
223 215
223 165
223 221
225 1
223 219
223 209
223 159
225 11
225 13
225 19
225 31
225 37
225 43
225 7
223 195
225 49
225 59
223 31
223 207
223 103
225 29
223 97
225 73
223 71
225 89
225 79
225 53
225 91
225 83
225 17
225 97
225 119
223 181
225 47
225 61
225 131
225 109
225 103
223 193
225 133
225 71
225 139
225 137
223 199
225 113
225 149
225 161
225 121
225 167
225 169
225 77
225 181
225 23
223 205
225 163
225 157
225 41
223 175
225 187
225 173
225 217
227 3
225 197
227 5
225 67
225 199
225 209
223 117
227 7
225 179
225 151
223 213
227 11
225 143
227 15
225 193
227 17
227 19
227 21
227 1
227 23
227 29
227 31
227 27
227 13
227 35
225 101
227 39
227 33
225 221
227 43
227 9
227 59
227 61
225 107
227 53
227 63
227 55
227 57
227 45
227 67
225 203
227 73
227 51
227 77
227 75
227 81
225 191
227 87
225 211
227 91
227 95
227 89
227 79
227 93
227 99
227 101
227 49
227 105
227 41
227 107
227 109
227 115
225 223
227 121
227 129
227 65
227 127
227 125
227 119
227 117
227 85
227 133
227 69
227 103
227 139
227 97
227 83
227 149
227 131
227 151
227 143
227 155
227 71
227 141
227 157
227 161
227 169
227 163
227 159
227 171
227 175
227 165
227 25
227 181
227 179
227 137
227 183
227 135
227 185
227 187
227 199
227 201
227 37
227 123
227 195
227 197
227 167
227 205
227 209
227 147
227 215
227 223
227 213
227 173
227 111
225 127
227 189
229 7
229 5
227 113
227 145
229 3
229 11
227 207
229 13
229 15
229 19
227 211
229 25
229 23
229 17
229 27
229 29
229 33
227 193
229 35
229 21
227 219
227 221
229 39
227 153
229 45
229 43
229 47
229 49
229 53
229 51
229 37
229 65
229 9
229 61
229 57
229 69
227 225
229 73
229 71
229 77
229 81
229 79
229 63
229 83
229 75
229 89
229 87
229 31
229 55
229 99
227 203
229 93
229 41
229 97
229 107
229 103
229 115
229 113
229 91
229 121
229 111
229 67
229 127
229 117
229 123
229 133
229 129
229 139
229 105
229 141
229 125
229 143
229 147
229 151
229 119
229 109
229 157
227 177
229 155
229 159
229 161
227 217
229 153
229 169
229 165
229 171
229 149
229 179
229 85
229 183
229 181
229 185
229 163
229 187
229 189
229 193
227 47
229 1
229 177
229 203
229 201
229 175
229 197
229 207
229 211
229 195
229 215
229 167
229 223
229 59
229 101
229 173
229 225
229 137
231 5
229 227
231 1
231 13
231 19
231 17
231 23
229 213
229 221
231 29
229 205
231 25
231 37
231 41
231 47
231 43
231 67
231 53
231 73
231 83
231 79
231 85
231 89
229 219
229 131
231 101
231 97
231 103
229 95
231 113
231 115
231 127
231 95
231 131
231 139
229 191
231 137
231 157
231 145
231 107
229 145
231 125
229 199
231 59
231 169
231 109
231 151
231 179
229 217
231 193
231 71
231 197
231 149
231 173
231 185
231 155
231 221
231 223
231 229
233 1
233 3
233 5
231 167
233 7
233 11
233 17
233 19
231 61
227 191
233 15
233 25
233 9
233 29
233 31
229 135
233 35
233 39
233 37
231 31
233 43
233 47
231 199
233 41
231 191
233 49
231 215
231 227
233 51
233 53
233 59
231 181
233 63
233 61
233 65
233 71
233 67
231 211
233 69
233 77
233 73
231 65
233 83
233 85
233 33
233 13
233 91
233 93
233 89
233 81
233 101
233 99
233 107
233 103
233 109
233 79
233 57
233 55
233 113
233 121
233 97
233 129
231 163
233 119
233 131
233 133
233 117
233 127
233 143
233 137
233 111
233 45
233 145
233 27
233 21
233 151
233 115
233 155
233 157
233 75
233 159
233 141
233 165
233 163
233 173
233 171
233 167
233 169
231 205
233 179
233 177
233 189
233 187
233 191
233 123
233 139
233 197
233 149
233 135
233 201
233 203
233 209
233 205
233 207
229 209
233 181
233 211
233 219
233 125
233 213
233 217
233 215
233 227
233 231
233 185
233 95
233 223
233 199
233 195
233 161
233 221
233 183
233 87
233 105
233 225
233 193
233 23
233 147
233 175
233 153
233 229
