7 1
17 7
23 7
31 17
41 1
47 23
49 31
71 49
73 17
79 47
89 23
97 71
103 7
113 41
119 41
119 79
127 97
137 7
151 31
161 73
161 127
167 119
191 89
193 17
199 161
217 47
217 113
223 167
233 119
239 1
241 199
257 49
263 73
271 103
281 161
287 223
287 241
289 23
311 31
313 103
329 89
329 191
337 287
343 151
353 217
359 287
367 137
383 233
391 71
391 337
401 79
409 137
431 17
433 281
439 359
449 391
457 49
463 113
479 119
487 217
497 47
497 193
503 329
511 271
511 449
521 353
527 23
527 439
529 151
553 97
553 263
569 383
577 511
593 257
599 193
601 7
607 343
617 433
623 313
623 527
631 71
641 119
647 577
673 239
679 41
679 239
697 329
697 367
713 41
713 503
719 161
721 521
721 647
727 623
743 127
751 289
761 79
769 217
791 311
791 569
799 7
799 721
809 409
823 511
833 97
833 617
839 727
857 487
863 191
881 799
887 257
889 31
889 289
911 391
919 401
929 497
937 167
943 553
943 607
953 721
959 713
959 839
961 161
967 881
977 311
983 73
991 263
1009 463
1031 217
1033 623
1039 479
1049 791
1057 593
1057 967
1063 127
1081 119
1081 833
1087 959
1097 233
1103 529
1127 17
1127 697
1129 271
1151 1057
1153 457
1169 89
1169 431
1193 697
1201 599
1207 199
1207 823
1217 953
1223 1087
1231 329
1241 313
1241 959
1249 1151
1271 431
1271 497
1279 47
1289 223
1297 553
1303 673
1319 679
1321 161
1327 857
1337 391
1337 809
1343 113
1343 1049
1351 943
1351 1249
1361 1081
1367 1223
1393 1
1393 401
1399 281
1409 751
1423 527
1433 943
1439 119
1447 457
1457 167
1457 1351
1471 791
1481 241
1487 641
1489 929
1511 49
1513 343
1513 1217
1519 367
1519 1367
1543 1033
1553 497
1559 1241
1561 73
1561 527
1567 1457
1583 631
1601 719
1607 199
1609 769
1631 409
1631 911
1633 103
1633 919
1649 329
1649 1057
1657 1127
1663 1207
1673 1343
1673 1361
1679 601
1679 1519
1681 1567
1687 23
1687 463
1697 287
1721 601
1751 743
1751 1009
1753 479
1759 161
1777 889
1783 287
1799 1039
1799 1681
1801 679
1817 31
1817 1193
1823 353
1831 1351
1841 887
1841 1513
1847 1679
1871 103
1873 1103
1879 553
1889 223
1897 713
1897 1327
1913 1559
1921 241
1921 1799
1927 761
1927 863
1951 89
1967 383
1967 977
1993 1337
1999 1201
