3 1
5 1
5 3
7 1
7 3
7 5
9 1
9 5
9 7
11 1
11 3
11 5
11 7
11 9
13 1
13 3
13 5
13 7
13 9
13 11
15 1
15 7
15 11
15 13
17 1
17 3
17 5
17 7
17 9
17 11
17 13
17 15
19 1
19 3
19 5
19 7
19 9
19 11
19 13
19 15
19 17
21 1
21 5
21 11
21 13
21 17
21 19
23 1
23 3
23 5
23 7
23 9
23 11
23 13
23 15
23 17
23 19
23 21
25 1
25 3
25 7
25 9
25 11
25 13
25 17
25 19
25 21
25 23
27 1
27 5
27 7
27 11
27 13
27 17
27 19
27 23
27 25
29 1
29 3
29 5
29 7
29 9
29 11
29 13
29 15
29 17
29 19
29 21
29 23
29 25
29 27
31 1
31 3
31 5
31 7
31 9
31 11
31 13
31 15
31 17
31 19
31 21
31 23
31 25
31 27
31 29
33 1
33 5
33 7
33 13
33 17
33 19
33 23
33 25
33 29
33 31
35 1
35 3
35 9
35 11
35 13
35 17
35 19
35 23
35 27
35 29
35 31
35 33
37 1
37 3
37 5
37 7
37 9
37 11
37 13
37 15
37 17
37 19
37 21
37 23
37 25
37 27
37 29
37 31
37 33
37 35
39 1
39 5
39 7
39 11
39 17
39 19
39 23
39 25
39 29
39 31
39 35
39 37
41 1
41 3
41 5
41 7
41 9
41 11
41 13
41 15
41 17
41 19
41 21
41 23
41 25
41 27
41 29
41 31
41 33
41 35
41 37
41 39
43 1
43 3
43 5
43 7
43 9
43 11
43 13
43 15
43 17
43 19
43 21
43 23
43 25
43 27
43 29
43 31
43 33
43 35
43 37
43 39
43 41
45 1
45 7
45 11
45 13
45 17
45 19
45 23
45 29
45 31
45 37
45 41
45 43
47 1
47 3
47 5
47 7
47 9
47 11
47 13
47 15
47 17
47 19
47 21
47 23
47 25
47 27
47 29
47 31
47 33
47 35
47 37
47 39
47 41
47 43
47 45
49 1
49 3
49 5
49 9
49 11
49 13
49 15
49 17
49 19
49 23
49 25
49 27
49 29
49 31
49 33
49 37
49 39
49 41
49 43
49 45
49 47
51 1
51 5
51 7
51 11
51 13
51 19
51 23
51 25
51 29
51 31
51 35
51 37
51 41
51 43
51 47
51 49
53 1
53 3
53 5
53 7
53 9
53 11
53 13
53 15
53 17
53 19
53 21
53 23
53 25
53 27
53 29
53 31
53 33
53 35
53 37
53 39
53 41
53 43
53 45
53 47
53 49
53 51
55 1
55 3
55 7
55 9
55 13
55 17
55 19
55 21
55 23
55 27
55 29
55 31
55 37
55 39
55 41
55 43
55 47
55 49
55 51
55 53
57 1
57 5
57 7
57 11
57 13
57 17
57 23
57 25
57 29
57 31
57 35
57 37
57 41
57 43
57 47
57 49
57 53
57 55
59 1
59 3
59 5
59 7
59 9
59 11
59 13
59 15
59 17
59 19
59 21
59 23
59 25
59 27
59 29
59 31
59 33
59 35
59 37
59 39
59 41
59 43
59 45
59 47
59 49
59 51
59 53
59 55
59 57
61 1
61 3
61 5
61 7
61 9
61 11
61 13
61 15
61 17
61 19
61 21
61 23
61 25
61 27
61 29
61 31
61 33
61 35
61 37
61 39
61 41
61 43
61 45
61 47
61 49
61 51
61 53
61 55
61 57
61 59
63 1
63 5
63 11
63 13
63 17
63 19
63 23
63 25
63 29
63 31
63 37
63 41
63 43
63 47
63 53
63 55
63 59
63 61
65 1
65 3
65 7
65 9
65 11
65 17
65 19
65 21
65 23
65 27
65 29
65 31
65 33
65 37
65 41
65 43
65 47
65 49
65 51
65 53
65 57
65 59
65 61
65 63
67 1
67 3
67 5
67 7
67 9
67 11
67 13
67 15
67 17
67 19
67 21
67 23
67 25
67 27
67 29
67 31
67 33
67 35
67 37
67 39
67 41
67 43
67 45
67 47
67 49
67 51
67 53
67 55
67 57
67 59
67 61
67 63
67 65
69 1
69 5
69 7
69 11
69 13
69 17
69 19
69 25
69 29
69 31
69 35
69 37
69 41
69 43
69 47
69 49
69 53
69 55
69 59
69 61
69 65
69 67
71 1
71 3
71 5
71 7
71 9
71 11
71 13
71 15
71 17
71 19
71 21
71 23
71 25
71 27
71 29
71 31
71 33
71 35
71 37
71 39
71 41
71 43
71 45
71 47
71 49
71 51
71 53
71 55
71 57
71 59
71 61
71 63
71 65
71 67
71 69
73 1
73 3
73 5
73 7
73 9
73 11
73 13
73 15
73 17
73 19
73 21
73 23
73 25
73 27
73 29
73 31
73 33
73 35
73 37
73 39
73 41
73 43
73 45
73 47
73 49
73 51
73 53
73 55
73 57
73 59
73 61
73 63
73 65
73 67
73 69
73 71
75 1
75 7
75 11
75 13
75 17
75 19
75 23
75 29
75 31
75 37
75 41
75 43
75 47
75 49
75 53
75 59
75 61
75 67
75 71
75 73
77 1
77 3
77 5
77 9
77 13
77 15
77 17
77 19
77 23
77 25
77 27
77 29
77 31
77 37
77 39
77 41
77 43
77 45
77 47
77 51
77 53
77 57
77 59
77 61
77 65
77 67
77 69
77 71
77 73
77 75
79 1
79 3
79 5
79 7
79 9
79 11
79 13
79 15
79 17
79 19
79 21
79 23
79 25
79 27
79 29
79 31
79 33
79 35
79 37
79 39
79 41
79 43
79 45
79 47
79 49
79 51
79 53
79 55
79 57
79 59
79 61
79 63
79 65
79 67
79 69
79 71
79 73
79 75
79 77
81 1
81 5
81 7
81 11
81 13
81 17
81 19
81 23
81 25
81 29
81 31
81 35
81 37
81 41
81 43
81 47
81 49
81 53
81 55
81 59
81 61
81 65
81 67
81 71
81 73
81 77
81 79
83 1
83 3
83 5
83 7
83 9
83 11
83 13
83 15
83 17
83 19
83 21
83 23
83 25
83 27
83 29
83 31
83 33
83 35
83 37
83 39
83 41
83 43
83 45
83 47
83 49
83 51
83 53
83 55
83 57
83 59
83 61
83 63
83 65
83 67
83 69
83 71
83 73
83 75
83 77
83 79
83 81
85 1
85 3
85 7
85 9
85 11
85 13
85 19
85 21
85 23
85 27
85 29
85 31
85 33
85 37
85 39
85 41
85 43
85 47
85 49
85 53
85 57
85 59
85 61
85 63
85 67
85 69
85 71
85 73
85 77
85 79
85 81
85 83
87 1
87 5
87 7
87 11
87 13
87 17
87 19
87 23
87 25
87 31
87 35
87 37
87 41
87 43
87 47
87 49
87 53
87 55
87 59
87 61
87 65
87 67
87 71
87 73
87 77
87 79
87 83
87 85
89 1
89 3
89 5
89 7
89 9
89 11
89 13
89 15
89 17
89 19
89 21
89 23
89 25
89 27
89 29
89 31
89 33
89 35
89 37
89 39
89 41
89 43
89 45
89 47
89 49
89 51
89 53
89 55
89 57
89 59
89 61
89 63
89 65
89 67
89 69
89 71
89 73
89 75
89 77
89 79
89 81
89 83
89 85
89 87
91 1
91 3
91 5
91 9
91 11
91 15
91 17
91 19
91 23
91 25
91 27
91 29
91 31
91 33
91 37
91 41
91 43
91 45
91 47
91 51
91 53
91 55
91 57
91 59
91 61
91 67
91 69
91 71
91 73
91 75
91 79
91 81
91 83
91 85
91 87
91 89
93 1
93 5
93 7
93 11
93 13
93 17
93 19
93 23
93 25
93 29
93 35
93 37
93 41
93 43
93 47
93 49
93 53
93 55
93 59
93 61
93 65
93 67
93 71
93 73
93 77
93 79
93 83
93 85
93 89
93 91
95 1
95 3
95 7
95 9
95 11
95 13
95 17
95 21
95 23
95 27
95 29
95 31
95 33
95 37
95 39
95 41
95 43
95 47
95 49
95 51
95 53
95 59
95 61
95 63
95 67
95 69
95 71
95 73
95 77
95 79
95 81
95 83
95 87
95 89
95 91
95 93
97 1
97 3
97 5
97 7
97 9
97 11
97 13
97 15
97 17
97 19
97 21
97 23
97 25
97 27
97 29
97 31
97 33
97 35
97 37
97 39
97 41
97 43
97 45
97 47
97 49
97 51
97 53
97 55
97 57
97 59
97 61
97 63
97 65
97 67
97 69
97 71
97 73
97 75
97 77
97 79
97 81
97 83
97 85
97 87
97 89
97 91
97 93
97 95
99 1
99 5
99 7
99 13
99 17
99 19
99 23
99 25
99 29
99 31
99 35
99 37
99 41
99 43
99 47
99 49
99 53
99 59
99 61
99 65
99 67
99 71
99 73
99 79
99 83
99 85
99 89
99 91
99 95
99 97
101 1
101 3
101 5
101 7
101 9
101 11
101 13
101 15
101 17
101 19
101 21
101 23
101 25
101 27
101 29
101 31
101 33
101 35
101 37
101 39
101 41
101 43
101 45
101 47
101 49
101 51
101 53
101 55
101 57
101 59
101 61
101 63
101 65
101 67
101 69
101 71
101 73
101 75
101 77
101 79
101 81
101 83
101 85
101 87
101 89
101 91
101 93
101 95
101 97
101 99
