103 1
103 3
103 5
103 7
103 9
103 11
103 13
103 15
103 17
103 19
103 21
103 23
103 25
103 27
103 29
103 31
103 33
103 35
103 37
103 39
103 41
103 43
103 45
103 47
103 49
103 51
103 53
103 55
103 57
103 59
103 61
103 63
103 65
103 67
103 69
103 71
103 73
103 75
103 77
103 79
103 81
103 83
103 85
103 87
103 89
103 91
103 93
103 95
103 97
103 99
103 101
105 1
105 11
105 13
105 17
105 19
105 23
105 29
105 31
105 37
105 41
105 43
105 47
105 53
105 59
105 61
105 67
105 71
105 73
105 79
105 83
105 89
105 97
105 101
105 103
107 1
107 3
107 5
107 7
107 9
107 11
107 13
107 15
107 17
107 19
107 21
107 23
107 25
107 27
107 29
107 31
107 33
107 35
107 37
107 39
107 41
107 43
107 45
107 47
107 49
107 51
107 53
107 55
107 57
107 59
107 61
107 63
107 65
107 67
107 69
107 71
107 73
107 75
107 77
107 79
107 81
107 83
107 85
107 87
107 89
107 91
107 93
107 95
107 97
107 99
107 101
107 103
107 105
109 1
109 3
109 5
109 7
109 9
109 11
109 13
109 15
109 17
109 19
109 21
109 23
109 25
109 27
109 29
109 31
109 33
109 35
109 37
109 39
109 41
109 43
109 45
109 47
109 49
109 51
109 53
109 55
109 57
109 59
109 61
109 63
109 65
109 67
109 69
109 71
109 73
109 75
109 77
109 79
109 81
109 83
109 85
109 87
109 89
109 91
109 93
109 95
109 97
109 99
109 101
109 103
109 105
109 107
111 1
111 5
111 7
111 11
111 13
111 17
111 19
111 23
111 25
111 29
111 31
111 35
111 41
111 43
111 47
111 49
111 53
111 55
111 59
111 61
111 65
111 67
111 71
111 73
111 77
111 79
111 83
111 85
111 89
111 91
111 95
111 97
111 101
111 103
111 107
111 109
113 1
113 3
113 5
113 7
113 9
113 11
113 13
113 15
113 17
113 19
113 21
113 23
113 25
113 27
113 29
113 31
113 33
113 35
113 37
113 39
113 41
113 43
113 45
113 47
113 49
113 51
113 53
113 55
113 57
113 59
113 61
113 63
113 65
113 67
113 69
113 71
113 73
113 75
113 77
113 79
113 81
113 83
113 85
113 87
113 89
113 91
113 93
113 95
113 97
113 99
113 101
113 103
113 105
113 107
113 109
113 111
115 1
115 3
115 7
115 9
115 11
115 13
115 17
115 19
115 21
115 27
115 29
115 31
115 33
115 37
115 39
115 41
115 43
115 47
115 49
115 51
115 53
115 57
115 59
115 61
115 63
115 67
115 71
115 73
115 77
115 79
115 81
115 83
115 87
115 89
115 91
115 93
115 97
115 99
115 101
115 103
115 107
115 109
115 111
115 113
117 1
117 5
117 7
117 11
117 17
117 19
117 23
117 25
117 29
117 31
117 35
117 37
117 41
117 43
117 47
117 49
117 53
117 55
117 59
117 61
117 67
117 71
117 73
117 77
117 79
117 83
117 85
117 89
117 95
117 97
117 101
117 103
117 107
117 109
117 113
117 115
119 1
119 3
119 5
119 9
119 11
119 13
119 15
119 19
119 23
119 25
119 27
119 29
119 31
119 33
119 37
119 39
119 41
119 43
119 45
119 47
119 53
119 55
119 57
119 59
119 61
119 65
119 67
119 69
119 71
119 73
119 75
119 79
119 81
119 83
119 87
119 89
119 93
119 95
119 97
119 99
119 101
119 103
119 107
119 109
119 111
119 113
119 115
119 117
121 1
121 3
121 5
121 7
121 9
121 13
121 15
121 17
121 19
121 21
121 23
121 25
121 27
121 29
121 31
121 35
121 37
121 39
121 41
121 43
121 45
121 47
121 49
121 51
121 53
121 57
121 59
121 61
121 63
121 65
121 67
121 69
121 71
121 73
121 75
121 79
121 81
121 83
121 85
121 87
121 89
121 91
121 93
121 95
121 97
121 101
121 103
121 105
121 107
121 109
121 111
121 113
121 115
121 117
121 119
123 1
123 5
123 7
123 11
123 13
123 17
123 19
123 23
123 25
123 29
123 31
123 35
123 37
123 43
123 47
123 49
123 53
123 55
123 59
123 61
123 65
123 67
123 71
123 73
123 77
123 79
123 83
123 85
123 89
123 91
123 95
123 97
123 101
123 103
123 107
123 109
123 113
123 115
123 119
123 121
125 1
125 3
125 7
125 9
125 11
125 13
125 17
125 19
125 21
125 23
125 27
125 29
125 31
125 33
125 37
125 39
125 41
125 43
125 47
125 49
125 51
125 53
125 57
125 59
125 61
125 63
125 67
125 69
125 71
125 73
125 77
125 79
125 81
125 83
125 87
125 89
125 91
125 93
125 97
125 99
125 101
125 103
125 107
125 109
125 111
125 113
125 117
125 119
125 121
125 123
127 1
127 3
127 5
127 7
127 9
127 11
127 13
127 15
127 17
127 19
127 21
127 23
127 25
127 27
127 29
127 31
127 33
127 35
127 37
127 39
127 41
127 43
127 45
127 47
127 49
127 51
127 53
127 55
127 57
127 59
127 61
127 63
127 65
127 67
127 69
127 71
127 73
127 75
127 77
127 79
127 81
127 83
127 85
127 87
127 89
127 91
127 93
127 95
127 97
127 99
127 101
127 103
127 105
127 107
127 109
127 111
127 113
127 115
127 117
127 119
127 121
127 123
127 125
129 1
129 5
129 7
129 11
129 13
129 17
129 19
129 23
129 25
129 29
129 31
129 35
129 37
129 41
129 47
129 49
129 53
129 55
129 59
129 61
129 65
129 67
129 71
129 73
129 77
129 79
129 83
129 85
129 89
129 91
129 95
129 97
129 101
129 103
129 107
129 109
129 113
129 115
129 119
129 121
129 125
129 127
131 1
131 3
131 5
131 7
131 9
131 11
131 13
131 15
131 17
131 19
131 21
131 23
131 25
131 27
131 29
131 31
131 33
131 35
131 37
131 39
131 41
131 43
131 45
131 47
131 49
131 51
131 53
131 55
131 57
131 59
131 61
131 63
131 65
131 67
131 69
131 71
131 73
131 75
131 77
131 79
131 81
131 83
131 85
131 87
131 89
131 91
131 93
131 95
131 97
131 99
131 101
131 103
131 105
131 107
131 109
131 111
131 113
131 115
131 117
131 119
131 121
131 123
131 125
131 127
131 129
133 1
133 3
133 5
133 9
133 11
133 13
133 15
133 17
133 23
133 25
133 27
133 29
133 31
133 33
133 37
133 39
133 41
133 43
133 45
133 47
133 51
133 53
133 55
133 59
133 61
133 65
133 67
133 69
133 71
133 73
133 75
133 79
133 81
133 83
133 85
133 87
133 89
133 93
133 97
133 99
133 101
133 103
133 107
133 109
133 111
133 113
133 115
133 117
133 121
133 123
133 125
133 127
133 129
133 131
135 1
135 7
135 11
135 13
135 17
135 19
135 23
135 29
135 31
135 37
135 41
135 43
135 47
135 49
135 53
135 59
135 61
135 67
135 71
135 73
135 77
135 79
135 83
135 89
135 91
135 97
135 101
135 103
135 107
135 109
135 113
135 119
135 121
135 127
135 131
135 133
137 1
137 3
137 5
137 7
137 9
137 11
137 13
137 15
137 17
137 19
137 21
137 23
137 25
137 27
137 29
137 31
137 33
137 35
137 37
137 39
137 41
137 43
137 45
137 47
137 49
137 51
137 53
137 55
137 57
137 59
137 61
137 63
137 65
137 67
137 69
137 71
137 73
137 75
137 77
137 79
137 81
137 83
137 85
137 87
137 89
137 91
137 93
137 95
137 97
137 99
137 101
137 103
137 105
137 107
137 109
137 111
137 113
137 115
137 117
137 119
137 121
137 123
137 125
137 127
137 129
137 131
137 133
137 135
139 1
139 3
139 5
139 7
139 9
139 11
139 13
139 15
139 17
139 19
139 21
139 23
139 25
139 27
139 29
139 31
139 33
139 35
139 37
139 39
139 41
139 43
139 45
139 47
139 49
139 51
139 53
139 55
139 57
139 59
139 61
139 63
139 65
139 67
139 69
139 71
139 73
139 75
139 77
139 79
139 81
139 83
139 85
139 87
139 89
139 91
139 93
139 95
139 97
139 99
139 101
139 103
139 105
139 107
139 109
139 111
139 113
139 115
139 117
139 119
139 121
139 123
139 125
139 127
139 129
139 131
139 133
139 135
139 137
141 1
141 5
141 7
141 11
141 13
141 17
141 19
141 23
141 25
141 29
141 31
141 35
141 37
141 41
141 43
141 49
141 53
141 55
141 59
141 61
141 65
141 67
141 71
141 73
141 77
141 79
141 83
141 85
141 89
141 91
141 95
141 97
141 101
141 103
141 107
141 109
141 113
141 115
141 119
141 121
141 125
141 127
141 131
141 133
141 137
141 139
143 1
143 3
143 5
143 7
143 9
143 15
143 17
143 19
143 21
143 23
143 25
143 27
143 29
143 31
143 35
143 37
143 41
143 43
143 45
143 47
143 49
143 51
143 53
143 57
143 59
143 61
143 63
143 67
143 69
143 71
143 73
143 75
143 79
143 81
143 83
143 85
143 87
143 89
143 93
143 95
143 97
143 101
143 103
143 105
143 107
143 109
143 111
143 113
143 115
143 119
143 123
143 125
143 127
143 129
143 131
143 133
143 135
143 137
143 139
143 141
145 1
145 3
145 7
145 9
145 11
145 13
145 17
145 19
145 21
145 23
145 27
145 31
145 33
145 37
145 39
145 41
145 43
145 47
145 49
145 51
145 53
145 57
145 59
145 61
145 63
145 67
145 69
145 71
145 73
145 77
145 79
145 81
145 83
145 89
145 91
145 93
145 97
145 99
145 101
145 103
145 107
145 109
145 111
145 113
145 117
145 119
145 121
145 123
145 127
145 129
145 131
145 133
145 137
145 139
145 141
145 143
147 1
147 5
147 11
147 13
147 17
147 19
147 23
147 25
147 29
147 31
147 37
147 41
147 43
147 47
147 53
147 55
147 59
147 61
147 65
147 67
147 71
147 73
147 79
147 83
147 85
147 89
147 95
147 97
147 101
147 103
147 107
147 109
147 113
147 115
147 121
147 125
147 127
147 131
147 137
147 139
147 143
147 145
149 1
149 3
149 5
149 7
149 9
149 11
149 13
149 15
149 17
149 19
149 21
149 23
149 25
149 27
149 29
149 31
149 33
149 35
149 37
149 39
149 41
149 43
149 45
149 47
149 49
149 51
149 53
149 55
149 57
149 59
149 61
149 63
149 65
149 67
149 69
149 71
149 73
149 75
149 77
149 79
149 81
149 83
149 85
149 87
149 89
149 91
149 93
149 95
149 97
149 99
149 101
149 103
149 105
149 107
149 109
149 111
149 113
149 115
149 117
149 119
149 121
149 123
149 125
149 127
149 129
149 131
149 133
149 135
149 137
149 139
149 141
149 143
149 145
149 147
151 1
151 3
151 5
151 7
151 9
151 11
151 13
151 15
151 17
151 19
151 21
151 23
151 25
151 27
151 29
151 31
151 33
151 35
151 37
151 39
151 41
151 43
151 45
151 47
151 49
151 51
151 53
151 55
151 57
151 59
151 61
151 63
151 65
151 67
151 69
151 71
151 73
151 75
151 77
151 79
151 81
151 83
151 85
151 87
151 89
151 91
151 93
151 95
151 97
151 99
151 101
151 103
151 105
151 107
151 109
151 111
151 113
151 115
151 117
151 119
151 121
151 123
151 125
151 127
151 129
151 131
151 133
151 135
151 137
151 139
151 141
151 143
151 145
151 147
151 149
153 1
153 5
153 7
153 11
153 13
153 19
153 23
153 25
153 29
153 31
153 35
153 37
153 41
153 43
153 47
153 49
153 53
153 55
153 59
153 61
153 65
153 67
153 71
153 73
153 77
153 79
153 83
153 89
153 91
153 95
153 97
153 101
153 103
153 107
153 109
153 113
153 115
153 121
153 125
153 127
153 131
153 133
153 137
153 139
153 143
153 145
153 149
153 151
155 1
155 3
155 7
155 9
155 11
155 13
155 17
155 19
155 21
155 23
155 27
155 29
155 33
155 37
155 39
155 41
155 43
155 47
155 49
155 51
155 53
155 57
155 59
155 61
155 63
155 67
155 69
155 71
155 73
155 77
155 79
155 81
155 83
155 87
155 89
155 91
155 97
155 99
155 101
155 103
155 107
155 109
155 111
155 113
155 117
155 119
155 121
155 123
155 127
155 129
155 131
155 133
155 137
155 139
155 141
155 143
155 147
155 149
155 151
155 153
157 1
157 3
157 5
157 7
157 9
157 11
157 13
157 15
157 17
157 19
157 21
157 23
157 25
157 27
157 29
157 31
157 33
157 35
157 37
157 39
157 41
157 43
157 45
157 47
157 49
157 51
157 53
157 55
157 57
157 59
157 61
157 63
157 65
157 67
157 69
157 71
157 73
157 75
157 77
157 79
157 81
157 83
157 85
157 87
157 89
157 91
157 93
157 95
157 97
157 99
157 101
157 103
157 105
157 107
157 109
157 111
157 113
157 115
157 117
157 119
157 121
157 123
157 125
157 127
157 129
157 131
157 133
157 135
157 137
157 139
157 141
157 143
157 145
157 147
157 149
157 151
157 153
157 155
159 1
159 5
159 7
159 11
159 13
159 17
159 19
159 23
159 25
159 29
159 31
159 35
159 37
159 41
159 43
159 47
159 49
159 55
159 59
159 61
159 65
159 67
159 71
159 73
159 77
159 79
159 83
159 85
159 89
159 91
159 95
159 97
159 101
159 103
159 107
159 109
159 113
159 115
159 119
159 121
159 125
159 127
159 131
159 133
159 137
159 139
159 143
159 145
159 149
159 151
159 155
159 157
161 1
161 3
161 5
161 9
161 11
161 13
161 15
161 17
161 19
161 25
161 27
161 29
161 31
161 33
161 37
161 39
161 41
161 43
161 45
161 47
161 51
161 53
161 55
161 57
161 59
161 61
161 65
161 67
161 71
161 73
161 75
161 79
161 81
161 83
161 85
161 87
161 89
161 93
161 95
161 97
161 99
161 101
161 103
161 107
161 109
161 111
161 113
161 117
161 121
161 123
161 125
161 127
161 129
161 131
161 135
161 137
161 139
161 141
161 143
161 145
161 149
161 151
161 153
161 155
161 157
161 159
163 1
163 3
163 5
163 7
163 9
163 11
163 13
163 15
163 17
163 19
163 21
163 23
163 25
163 27
163 29
163 31
163 33
163 35
163 37
163 39
163 41
163 43
163 45
163 47
163 49
163 51
163 53
163 55
163 57
163 59
163 61
163 63
163 65
163 67
163 69
163 71
163 73
163 75
163 77
163 79
163 81
163 83
163 85
163 87
163 89
163 91
163 93
163 95
163 97
163 99
163 101
163 103
163 105
163 107
163 109
163 111
163 113
163 115
163 117
163 119
163 121
163 123
163 125
163 127
163 129
163 131
163 133
163 135
163 137
163 139
163 141
163 143
163 145
163 147
163 149
163 151
163 153
163 155
163 157
163 159
163 161
165 1
165 7
165 13
165 17
165 19
165 23
165 29
165 31
165 37
165 41
165 43
165 47
165 49
165 53
165 59
165 61
165 67
165 71
165 73
165 79
165 83
165 89
165 91
165 97
165 101
165 103
165 107
165 109
165 113
165 119
165 127
165 131
165 133
165 137
165 139
165 149
165 151
165 157
165 161
165 163
167 1
167 3
167 5
167 7
167 9
167 11
167 13
167 15
167 17
167 19
167 21
167 23
167 25
167 27
167 29
167 31
167 33
167 35
167 37
167 39
167 41
167 43
167 45
167 47
167 49
167 51
167 53
167 55
167 57
167 59
167 61
167 63
167 65
167 67
167 69
167 71
167 73
167 75
167 77
167 79
167 81
167 83
167 85
167 87
167 89
167 91
167 93
167 95
167 97
167 99
167 101
167 103
167 105
167 107
167 109
167 111
167 113
167 115
167 117
167 119
167 121
167 123
167 125
167 127
167 129
167 131
167 133
167 135
167 137
167 139
167 141
167 143
167 145
167 147
167 149
167 151
167 153
167 155
167 157
167 159
167 161
167 163
167 165
169 1
169 3
169 5
169 7
169 9
169 11
169 15
169 17
169 19
169 21
169 23
169 25
169 27
169 29
169 31
169 33
169 35
169 37
169 41
169 43
169 45
169 47
169 49
169 51
169 53
169 55
169 57
169 59
169 61
169 63
169 67
169 69
169 71
169 73
169 75
169 77
169 79
169 81
169 83
169 85
169 87
169 89
169 93
169 95
169 97
169 99
169 101
169 103
169 105
169 107
169 109
169 111
169 113
169 115
169 119
169 121
169 123
169 125
169 127
169 129
169 131
169 133
169 135
169 137
169 139
169 141
169 145
169 147
169 149
169 151
169 153
169 155
169 157
169 159
169 161
169 163
169 165
169 167
171 1
171 5
171 7
171 11
171 13
171 17
171 23
171 25
171 29
171 31
171 35
171 37
171 41
171 43
171 47
171 49
171 53
171 55
171 59
171 61
171 65
171 67
171 71
171 73
171 77
171 79
171 83
171 85
171 89
171 91
171 97
171 101
171 103
171 107
171 109
171 113
171 115
171 119
171 121
171 125
171 127
171 131
171 137
171 139
171 143
171 145
171 149
171 151
171 155
171 157
171 161
171 163
171 167
171 169
173 1
173 3
173 5
173 7
173 9
173 11
173 13
173 15
173 17
173 19
173 21
173 23
173 25
173 27
173 29
173 31
173 33
173 35
173 37
173 39
173 41
173 43
173 45
173 47
173 49
173 51
173 53
173 55
173 57
173 59
173 61
173 63
173 65
173 67
173 69
173 71
173 73
173 75
173 77
173 79
173 81
173 83
173 85
173 87
173 89
173 91
173 93
173 95
173 97
173 99
173 101
173 103
173 105
173 107
173 109
173 111
173 113
173 115
173 117
173 119
173 121
173 123
173 125
173 127
173 129
173 131
173 133
173 135
173 137
173 139
173 141
173 143
173 145
173 147
173 149
173 151
173 153
173 155
173 157
173 159
173 161
173 163
173 165
173 167
173 169
173 171
175 1
175 3
175 9
175 11
175 13
175 17
175 19
175 23
175 27
175 29
175 31
175 33
175 37
175 39
175 41
175 43
175 47
175 51
175 53
175 57
175 59
175 61
175 67
175 69
175 71
175 73
175 79
175 81
175 83
175 87
175 89
175 93
175 97
175 99
175 101
175 103
175 107
175 109
175 111
175 113
175 117
175 121
175 123
175 127
175 129
175 131
175 137
175 139
175 141
175 143
175 149
175 151
175 153
175 157
175 159
175 163
175 167
175 169
175 171
175 173
177 1
177 5
177 7
177 11
177 13
177 17
177 19
177 23
177 25
177 29
177 31
177 35
177 37
177 41
177 43
177 47
177 49
177 53
177 55
177 61
177 65
177 67
177 71
177 73
177 77
177 79
177 83
177 85
177 89
177 91
177 95
177 97
177 101
177 103
177 107
177 109
177 113
177 115
177 119
177 121
177 125
177 127
177 131
177 133
177 137
177 139
177 143
177 145
177 149
177 151
177 155
177 157
177 161
177 163
177 167
177 169
177 173
177 175
179 1
179 3
179 5
179 7
179 9
179 11
179 13
179 15
179 17
179 19
179 21
179 23
179 25
179 27
179 29
179 31
179 33
179 35
179 37
179 39
179 41
179 43
179 45
179 47
179 49
179 51
179 53
179 55
179 57
179 59
179 61
179 63
179 65
179 67
179 69
179 71
179 73
179 75
179 77
179 79
179 81
179 83
179 85
179 87
179 89
179 91
179 93
179 95
179 97
179 99
179 101
179 103
179 105
179 107
179 109
179 111
179 113
179 115
179 117
179 119
179 121
179 123
179 125
179 127
179 129
179 131
179 133
179 135
179 137
179 139
179 141
179 143
179 145
179 147
179 149
179 151
179 153
179 155
179 157
179 159
179 161
179 163
179 165
179 167
179 169
179 171
179 173
179 175
179 177
181 1
181 3
181 5
181 7
181 9
181 11
181 13
181 15
181 17
181 19
181 21
181 23
181 25
181 27
181 29
181 31
181 33
181 35
181 37
181 39
181 41
181 43
181 45
181 47
181 49
181 51
181 53
181 55
181 57
181 59
181 61
181 63
181 65
181 67
181 69
181 71
181 73
181 75
181 77
181 79
181 81
181 83
181 85
181 87
181 89
181 91
181 93
181 95
181 97
181 99
181 101
181 103
181 105
181 107
181 109
181 111
181 113
181 115
181 117
181 119
181 121
181 123
181 125
181 127
181 129
181 131
181 133
181 135
181 137
181 139
181 141
181 143
181 145
181 147
181 149
181 151
181 153
181 155
181 157
181 159
181 161
181 163
181 165
181 167
181 169
181 171
181 173
181 175
181 177
181 179
183 1
183 5
183 7
183 11
183 13
183 17
183 19
183 23
183 25
183 29
183 31
183 35
183 37
183 41
183 43
183 47
183 49
183 53
183 55
183 59
183 65
183 67
183 71
183 73
183 77
183 79
183 83
183 85
183 89
183 91
183 95
183 97
183 101
183 103
183 107
183 109
183 113
183 115
183 119
183 121
183 125
183 127
183 131
183 133
183 137
183 139
183 143
183 145
183 149
183 151
183 155
183 157
183 161
183 163
183 167
183 169
183 173
183 175
183 179
183 181
185 1
185 3
185 7
185 9
185 11
185 13
185 17
185 19
185 21
185 23
185 27
185 29
185 31
185 33
185 39
185 41
185 43
185 47
185 49
185 51
185 53
185 57
185 59
185 61
185 63
185 67
185 69
185 71
185 73
185 77
185 79
185 81
185 83
185 87
185 89
185 91
185 93
185 97
185 99
185 101
185 103
185 107
185 109
185 113
185 117
185 119
185 121
185 123
185 127
185 129
185 131
185 133
185 137
185 139
185 141
185 143
185 147
185 149
185 151
185 153
185 157
185 159
185 161
185 163
185 167
185 169
185 171
185 173
185 177
185 179
185 181
185 183
187 1
187 3
187 5
187 7
187 9
187 13
187 15
187 19
187 21
187 23
187 25
187 27
187 29
187 31
187 35
187 37
187 39
187 41
187 43
187 45
187 47
187 49
187 53
187 57
187 59
187 61
187 63
187 65
187 67
187 69
187 71
187 73
187 75
187 79
187 81
187 83
187 87
187 89
187 91
187 93
187 95
187 97
187 101
187 103
187 105
187 107
187 109
187 111
187 113
187 115
187 117
187 123
187 125
187 127
187 129
187 131
187 133
187 135
187 137
187 139
187 141
187 145
187 147
187 149
187 151
187 155
187 157
187 159
187 161
187 163
187 167
187 169
187 171
187 173
187 175
187 177
187 179
187 181
187 183
187 185
189 1
189 5
189 11
189 13
189 17
189 19
189 23
189 25
189 29
189 31
189 37
189 41
189 43
189 47
189 53
189 55
189 59
189 61
189 65
189 67
189 71
189 73
189 79
189 83
189 85
189 89
189 95
189 97
189 101
189 103
189 107
189 109
189 113
189 115
189 121
189 125
189 127
189 131
189 137
189 139
189 143
189 145
189 149
189 151
189 155
189 157
189 163
189 167
189 169
189 173
189 179
189 181
189 185
189 187
191 1
191 3
191 5
191 7
191 9
191 11
191 13
191 15
191 17
191 19
191 21
191 23
191 25
191 27
191 29
191 31
191 33
191 35
191 37
191 39
191 41
191 43
191 45
191 47
191 49
191 51
191 53
191 55
191 57
191 59
191 61
191 63
191 65
191 67
191 69
191 71
191 73
191 75
191 77
191 79
191 81
191 83
191 85
191 87
191 89
191 91
191 93
191 95
191 97
191 99
191 101
191 103
191 105
191 107
191 109
191 111
191 113
191 115
191 117
191 119
191 121
191 123
191 125
191 127
191 129
191 131
191 133
191 135
191 137
191 139
191 141
191 143
191 145
191 147
191 149
191 151
191 153
191 155
191 157
191 159
191 161
191 163
191 165
191 167
191 169
191 171
191 173
191 175
191 177
191 179
191 181
191 183
191 185
191 187
191 189
193 1
193 3
193 5
193 7
193 9
193 11
193 13
193 15
193 17
193 19
193 21
193 23
193 25
193 27
193 29
193 31
193 33
193 35
193 37
193 39
193 41
193 43
193 45
193 47
193 49
193 51
193 53
193 55
193 57
193 59
193 61
193 63
193 65
193 67
193 69
193 71
193 73
193 75
193 77
193 79
193 81
193 83
193 85
193 87
193 89
193 91
193 93
193 95
193 97
193 99
193 101
193 103
193 105
193 107
193 109
193 111
193 113
193 115
193 117
193 119
193 121
193 123
193 125
193 127
193 129
193 131
193 133
193 135
193 137
193 139
193 141
193 143
193 145
193 147
193 149
193 151
193 153
193 155
193 157
193 159
193 161
193 163
193 165
193 167
193 169
193 171
193 173
193 175
193 177
193 179
193 181
193 183
193 185
193 187
193 189
193 191
195 1
195 7
195 11
195 17
195 19
195 23
195 29
195 31
195 37
195 41
195 43
195 47
195 49
195 53
195 59
195 61
195 67
195 71
195 73
195 77
195 79
195 83
195 89
195 97
195 101
195 103
195 107
195 109
195 113
195 119
195 121
195 127
195 131
195 133
195 137
195 139
195 149
195 151
195 157
195 161
195 163
195 167
195 173
195 179
195 181
195 187
195 191
195 193
197 1
197 3
197 5
197 7
197 9
197 11
197 13
197 15
197 17
197 19
197 21
197 23
197 25
197 27
197 29
197 31
197 33
197 35
197 37
197 39
197 41
197 43
197 45
197 47
197 49
197 51
197 53
197 55
197 57
197 59
197 61
197 63
197 65
197 67
197 69
197 71
197 73
197 75
197 77
197 79
197 81
197 83
197 85
197 87
197 89
197 91
197 93
197 95
197 97
197 99
197 101
197 103
197 105
197 107
197 109
197 111
197 113
197 115
197 117
197 119
197 121
197 123
197 125
197 127
197 129
197 131
197 133
197 135
197 137
197 139
197 141
197 143
197 145
197 147
197 149
197 151
197 153
197 155
197 157
197 159
197 161
197 163
197 165
197 167
197 169
197 171
197 173
197 175
197 177
197 179
197 181
197 183
197 185
197 187
197 189
197 191
197 193
197 195
199 1
199 3
199 5
199 7
199 9
199 11
199 13
199 15
199 17
199 19
199 21
199 23
199 25
199 27
199 29
199 31
199 33
199 35
199 37
199 39
199 41
199 43
199 45
199 47
199 49
199 51
199 53
199 55
199 57
199 59
199 61
199 63
199 65
199 67
199 69
199 71
199 73
199 75
199 77
199 79
199 81
199 83
199 85
199 87
199 89
199 91
199 93
199 95
199 97
199 99
199 101
199 103
199 105
199 107
199 109
199 111
199 113
199 115
199 117
199 119
199 121
199 123
199 125
199 127
199 129
199 131
199 133
199 135
199 137
199 139
199 141
199 143
199 145
199 147
199 149
199 151
199 153
199 155
199 157
199 159
199 161
199 163
199 165
199 167
199 169
199 171
199 173
199 175
199 177
199 179
199 181
199 183
199 185
199 187
199 189
199 191
199 193
199 195
199 197
201 1
201 5
201 7
201 11
201 13
201 17
201 19
201 23
201 25
201 29
201 31
201 35
201 37
201 41
201 43
201 47
201 49
201 53
201 55
201 59
201 61
201 65
201 71
201 73
201 77
201 79
201 83
201 85
201 89
201 91
201 95
201 97
201 101
201 103
201 107
201 109
201 113
201 115
201 119
201 121
201 125
201 127
201 131
201 133
201 137
201 139
201 143
201 145
201 149
201 151
201 155
201 157
201 161
201 163
201 167
201 169
201 173
201 175
201 179
201 181
201 185
201 187
201 191
201 193
201 197
201 199
203 1
203 3
203 5
203 9
203 11
203 13
203 15
203 17
203 19
203 23
203 25
203 27
203 31
203 33
203 37
203 39
203 41
203 43
203 45
203 47
203 51
203 53
203 55
203 57
203 59
203 61
203 65
203 67
203 69
203 71
203 73
203 75
203 79
203 81
203 83
203 85
203 89
203 93
203 95
203 97
203 99
203 101
203 103
203 107
203 109
203 111
203 113
203 115
203 117
203 121
203 123
203 125
203 127
203 129
203 131
203 135
203 137
203 139
203 141
203 143
203 149
203 151
203 153
203 155
203 157
203 159
203 163
203 165
203 167
203 169
203 171
203 173
203 177
203 179
203 181
203 183
203 185
203 187
203 191
203 193
203 195
203 197
203 199
203 201
205 1
205 3
205 7
205 9
205 11
205 13
205 17
205 19
205 21
205 23
205 27
205 29
205 31
205 33
205 37
205 39
205 43
205 47
205 49
205 51
205 53
205 57
205 59
205 61
205 63
205 67
205 69
205 71
205 73
205 77
205 79
205 81
205 83
205 87
205 89
205 91
205 93
205 97
205 99
205 101
205 103
205 107
205 109
205 111
205 113
205 117
205 119
205 121
205 127
205 129
205 131
205 133
205 137
205 139
205 141
205 143
205 147
205 149
205 151
205 153
205 157
205 159
205 161
205 163
205 167
205 169
205 171
205 173
205 177
205 179
205 181
205 183
205 187
205 189
205 191
205 193
205 197
205 199
205 201
205 203
207 1
207 5
207 7
207 11
207 13
207 17
207 19
207 25
207 29
207 31
207 35
207 37
207 41
207 43
207 47
207 49
207 53
207 55
207 59
207 61
207 65
207 67
207 71
207 73
207 77
207 79
207 83
207 85
207 89
207 91
207 95
207 97
207 101
207 103
207 107
207 109
207 113
207 119
207 121
207 125
207 127
207 131
207 133
207 137
207 139
207 143
207 145
207 149
207 151
207 155
207 157
207 163
207 167
207 169
207 173
207 175
207 179
207 181
207 185
207 187
207 191
207 193
207 197
207 199
207 203
207 205
209 1
209 3
209 5
209 7
209 9
209 13
209 15
209 17
209 21
209 23
209 25
209 27
209 29
209 31
209 35
209 37
209 39
209 41
209 43
209 45
209 47
209 49
209 51
209 53
209 59
209 61
209 63
209 65
209 67
209 69
209 71
209 73
209 75
209 79
209 81
209 83
209 85
209 87
209 89
209 91
209 93
209 97
209 101
209 103
209 105
209 107
209 109
209 111
209 113
209 115
209 117
209 119
209 123
209 125
209 127
209 129
209 131
209 135
209 137
209 139
209 141
209 145
209 147
209 149
209 151
209 153
209 155
209 157
209 159
209 161
209 163
209 167
209 169
209 173
209 175
209 177
209 179
209 181
209 183
209 185
209 189
209 191
209 193
209 195
209 197
209 199
209 201
209 203
209 205
209 207
211 1
211 3
211 5
211 7
211 9
211 11
211 13
211 15
211 17
211 19
211 21
211 23
211 25
211 27
211 29
211 31
211 33
211 35
211 37
211 39
211 41
211 43
211 45
211 47
211 49
211 51
211 53
211 55
211 57
211 59
211 61
211 63
211 65
211 67
211 69
211 71
211 73
211 75
211 77
211 79
211 81
211 83
211 85
211 87
211 89
211 91
211 93
211 95
211 97
211 99
211 101
211 103
211 105
211 107
211 109
211 111
211 113
211 115
211 117
211 119
211 121
211 123
211 125
211 127
211 129
211 131
211 133
211 135
211 137
211 139
211 141
211 143
211 145
211 147
211 149
211 151
211 153
211 155
211 157
211 159
211 161
211 163
211 165
211 167
211 169
211 171
211 173
211 175
211 177
211 179
211 181
211 183
211 185
211 187
211 189
211 191
211 193
211 195
211 197
211 199
211 201
211 203
211 205
211 207
211 209
213 1
213 5
213 7
213 11
213 13
213 17
213 19
213 23
213 25
213 29
213 31
213 35
213 37
213 41
213 43
213 47
213 49
213 53
213 55
213 59
213 61
213 65
213 67
213 73
213 77
213 79
213 83
213 85
213 89
213 91
213 95
213 97
213 101
213 103
213 107
213 109
213 113
213 115
213 119
213 121
213 125
213 127
213 131
213 133
213 137
213 139
213 143
213 145
213 149
213 151
213 155
213 157
213 161
213 163
213 167
213 169
213 173
213 175
213 179
213 181
213 185
213 187
213 191
213 193
213 197
213 199
213 203
213 205
213 209
213 211
215 1
215 3
215 7
215 9
215 11
215 13
215 17
215 19
215 21
215 23
215 27
215 29
215 31
215 33
215 37
215 39
215 41
215 47
215 49
215 51
215 53
215 57
215 59
215 61
215 63
215 67
215 69
215 71
215 73
215 77
215 79
215 81
215 83
215 87
215 89
215 91
215 93
215 97
215 99
215 101
215 103
215 107
215 109
215 111
215 113
215 117
215 119
215 121
215 123
215 127
215 131
215 133
215 137
215 139
215 141
215 143
215 147
215 149
215 151
215 153
215 157
215 159
215 161
215 163
215 167
215 169
215 171
215 173
215 177
215 179
215 181
215 183
215 187
215 189
215 191
215 193
215 197
215 199
215 201
215 203
215 207
215 209
215 211
215 213
217 1
217 3
217 5
217 9
217 11
217 13
217 15
217 17
217 19
217 23
217 25
217 27
217 29
217 33
217 37
217 39
217 41
217 43
217 45
217 47
217 51
217 53
217 55
217 57
217 59
217 61
217 65
217 67
217 69
217 71
217 73
217 75
217 79
217 81
217 83
217 85
217 87
217 89
217 95
217 97
217 99
217 101
217 103
217 107
217 109
217 111
217 113
217 115
217 117
217 121
217 123
217 125
217 127
217 129
217 131
217 135
217 137
217 139
217 141
217 143
217 145
217 149
217 151
217 153
217 157
217 159
217 163
217 165
217 167
217 169
217 171
217 173
217 177
217 179
217 181
217 183
217 185
217 187
217 191
217 193
217 195
217 197
217 199
217 201
217 205
217 207
217 209
217 211
217 213
217 215
219 1
219 5
219 7
219 11
219 13
219 17
219 19
219 23
219 25
219 29
219 31
219 35
219 37
219 41
219 43
219 47
219 49
219 53
219 55
219 59
219 61
219 65
219 67
219 71
219 77
219 79
219 83
219 85
219 89
219 91
219 95
219 97
219 101
219 103
219 107
219 109
219 113
219 115
219 119
219 121
219 125
219 127
219 131
219 133
219 137
219 139
219 143
219 145
219 149
219 151
219 155
219 157
219 161
219 163
219 167
219 169
219 173
219 175
219 179
219 181
219 185
219 187
219 191
219 193
219 197
219 199
219 203
219 205
219 209
219 211
219 215
219 217
221 1
221 3
221 5
221 7
221 9
221 11
221 15
221 19
221 21
221 23
221 25
221 27
221 29
221 31
221 33
221 35
221 37
221 41
221 43
221 45
221 47
221 49
221 53
221 55
221 57
221 59
221 61
221 63
221 67
221 69
221 71
221 73
221 75
221 77
221 79
221 81
221 83
221 87
221 89
221 93
221 95
221 97
221 99
221 101
221 103
221 105
221 107
221 109
221 111
221 113
221 115
221 121
221 123
221 125
221 127
221 129
221 131
221 133
221 135
221 137
221 139
221 141
221 145
221 147
221 149
221 151
221 155
221 157
221 159
221 161
221 163
221 165
221 167
221 171
221 173
221 175
221 177
221 179
221 181
221 183
221 185
221 189
221 191
221 193
221 197
221 199
221 201
221 203
221 205
221 207
221 209
221 211
221 213
221 215
221 217
221 219
223 1
223 3
223 5
223 7
223 9
223 11
223 13
223 15
223 17
223 19
223 21
223 23
223 25
223 27
223 29
223 31
223 33
223 35
223 37
223 39
223 41
223 43
223 45
223 47
223 49
223 51
223 53
223 55
223 57
223 59
223 61
223 63
223 65
223 67
223 69
223 71
223 73
223 75
223 77
223 79
223 81
223 83
223 85
223 87
223 89
223 91
223 93
223 95
223 97
223 99
223 101
223 103
223 105
223 107
223 109
223 111
223 113
223 115
223 117
223 119
223 121
223 123
223 125
223 127
223 129
223 131
223 133
223 135
223 137
223 139
223 141
223 143
223 145
223 147
223 149
223 151
223 153
223 155
223 157
223 159
223 161
223 163
223 165
223 167
223 169
223 171
223 173
223 175
223 177
223 179
223 181
223 183
223 185
223 187
223 189
223 191
223 193
223 195
223 197
223 199
223 201
223 203
223 205
223 207
223 209
223 211
223 213
223 215
223 217
223 219
223 221
225 1
225 7
225 11
225 13
225 17
225 19
225 23
225 29
225 31
225 37
225 41
225 43
225 47
225 49
225 53
225 59
225 61
225 67
225 71
225 73
225 77
225 79
225 83
225 89
225 91
225 97
225 101
225 103
225 107
225 109
225 113
225 119
225 121
225 127
225 131
225 133
225 137
225 139
225 143
225 149
225 151
225 157
225 161
225 163
225 167
225 169
225 173
225 179
225 181
225 187
225 191
225 193
225 197
225 199
225 203
225 209
225 211
225 217
225 221
225 223
227 1
227 3
227 5
227 7
227 9
227 11
227 13
227 15
227 17
227 19
227 21
227 23
227 25
227 27
227 29
227 31
227 33
227 35
227 37
227 39
227 41
227 43
227 45
227 47
227 49
227 51
227 53
227 55
227 57
227 59
227 61
227 63
227 65
227 67
227 69
227 71
227 73
227 75
227 77
227 79
227 81
227 83
227 85
227 87
227 89
227 91
227 93
227 95
227 97
227 99
227 101
227 103
227 105
227 107
227 109
227 111
227 113
227 115
227 117
227 119
227 121
227 123
227 125
227 127
227 129
227 131
227 133
227 135
227 137
227 139
227 141
227 143
227 145
227 147
227 149
227 151
227 153
227 155
227 157
227 159
227 161
227 163
227 165
227 167
227 169
227 171
227 173
227 175
227 177
227 179
227 181
227 183
227 185
227 187
227 189
227 191
227 193
227 195
227 197
227 199
227 201
227 203
227 205
227 207
227 209
227 211
227 213
227 215
227 217
227 219
227 221
227 223
227 225
229 1
229 3
229 5
229 7
229 9
229 11
229 13
229 15
229 17
229 19
229 21
229 23
229 25
229 27
229 29
229 31
229 33
229 35
229 37
229 39
229 41
229 43
229 45
229 47
229 49
229 51
229 53
229 55
229 57
229 59
229 61
229 63
229 65
229 67
229 69
229 71
229 73
229 75
229 77
229 79
229 81
229 83
229 85
229 87
229 89
229 91
229 93
229 95
229 97
229 99
229 101
229 103
229 105
229 107
229 109
229 111
229 113
229 115
229 117
229 119
229 121
229 123
229 125
229 127
229 129
229 131
229 133
229 135
229 137
229 139
229 141
229 143
229 145
229 147
229 149
229 151
229 153
229 155
229 157
229 159
229 161
229 163
229 165
229 167
229 169
229 171
229 173
229 175
229 177
229 179
229 181
229 183
229 185
229 187
229 189
229 191
229 193
229 195
229 197
229 199
229 201
229 203
229 205
229 207
229 209
229 211
229 213
229 215
229 217
229 219
229 221
229 223
229 225
229 227
231 1
231 5
231 13
231 17
231 19
231 23
231 25
231 29
231 31
231 37
231 41
231 43
231 47
231 53
231 59
231 61
231 65
231 67
231 71
231 73
231 79
231 83
231 85
231 89
231 95
231 97
231 101
231 103
231 107
231 109
231 113
231 115
231 125
231 127
231 131
231 137
231 139
231 145
231 149
231 151
231 155
231 157
231 163
231 167
231 169
231 173
231 179
231 181
231 185
231 191
231 193
231 197
231 199
231 205
231 211
231 215
231 221
231 223
231 227
231 229
233 1
233 3
233 5
233 7
233 9
233 11
233 13
233 15
233 17
233 19
233 21
233 23
233 25
233 27
233 29
233 31
233 33
233 35
233 37
233 39
233 41
233 43
233 45
233 47
233 49
233 51
233 53
233 55
233 57
233 59
233 61
233 63
233 65
233 67
233 69
233 71
233 73
233 75
233 77
233 79
233 81
233 83
233 85
233 87
233 89
233 91
233 93
233 95
233 97
233 99
233 101
233 103
233 105
233 107
233 109
233 111
233 113
233 115
233 117
233 119
233 121
233 123
233 125
233 127
233 129
233 131
233 133
233 135
233 137
233 139
233 141
233 143
233 145
233 147
233 149
233 151
233 153
233 155
233 157
233 159
233 161
233 163
233 165
233 167
233 169
233 171
233 173
233 175
233 177
233 179
233 181
233 183
233 185
233 187
233 189
233 191
233 193
233 195
233 197
233 199
233 201
233 203
233 205
233 207
233 209
233 211
233 213
233 215
233 217
233 219
233 221
233 223
233 225
233 227
233 229
233 231
235 1
235 3
235 7
235 9
235 11
235 13
235 17
235 19
235 21
235 23
235 27
235 29
235 31
235 33
235 37
235 39
235 41
235 43
235 49
235 51
235 53
235 57
235 59
235 61
235 63
235 67
235 69
235 71
235 73
235 77
235 79
235 81
235 83
235 87
235 89
235 91
235 93
235 97
235 99
235 101
235 103
235 107
235 109
235 111
235 113
235 117
235 119
235 121
235 123
235 127
235 129
235 131
235 133
235 137
235 139
235 143
235 147
235 149
235 151
235 153
235 157
235 159
235 161
235 163
235 167
235 169
235 171
235 173
235 177
235 179
235 181
235 183
235 187
235 189
235 191
235 193
235 197
235 199
235 201
235 203
235 207
235 209
235 211
235 213
235 217
235 219
235 221
235 223
235 227
235 229
235 231
235 233
237 1
237 5
237 7
237 11
237 13
237 17
237 19
237 23
237 25
237 29
237 31
237 35
237 37
237 41
237 43
237 47
237 49
237 53
237 55
237 59
237 61
237 65
237 67
237 71
237 73
237 77
237 83
237 85
237 89
237 91
237 95
237 97
237 101
237 103
237 107
237 109
237 113
237 115
237 119
237 121
237 125
237 127
237 131
237 133
237 137
237 139
237 143
237 145
237 149
237 151
237 155
237 157
237 161
237 163
237 167
237 169
237 173
237 175
237 179
237 181
237 185
237 187
237 191
237 193
237 197
237 199
237 203
237 205
237 209
237 211
237 215
237 217
237 221
237 223
237 227
237 229
237 233
237 235
239 1
239 3
239 5
239 7
239 9
239 11
239 13
239 15
239 17
239 19
239 21
239 23
239 25
239 27
239 29
239 31
239 33
239 35
239 37
239 39
239 41
239 43
239 45
239 47
239 49
239 51
239 53
239 55
239 57
239 59
239 61
239 63
239 65
239 67
239 69
239 71
239 73
239 75
239 77
239 79
239 81
239 83
239 85
239 87
239 89
239 91
239 93
239 95
239 97
239 99
239 101
239 103
239 105
239 107
239 109
239 111
239 113
239 115
239 117
239 119
239 121
239 123
239 125
239 127
239 129
239 131
239 133
239 135
239 137
239 139
239 141
239 143
239 145
239 147
239 149
239 151
239 153
239 155
239 157
239 159
239 161
239 163
239 165
239 167
239 169
239 171
239 173
239 175
239 177
239 179
239 181
239 183
239 185
239 187
239 189
239 191
239 193
239 195
239 197
239 199
239 201
239 203
239 205
239 207
239 209
239 211
239 213
239 215
239 217
239 219
239 221
239 223
239 225
239 227
239 229
239 231
239 233
239 235
239 237
241 1
241 3
241 5
241 7
241 9
241 11
241 13
241 15
241 17
241 19
241 21
241 23
241 25
241 27
241 29
241 31
241 33
241 35
241 37
241 39
241 41
241 43
241 45
241 47
241 49
241 51
241 53
241 55
241 57
241 59
241 61
241 63
241 65
241 67
241 69
241 71
241 73
241 75
241 77
241 79
241 81
241 83
241 85
241 87
241 89
241 91
241 93
241 95
241 97
241 99
241 101
241 103
241 105
241 107
241 109
241 111
241 113
241 115
241 117
241 119
241 121
241 123
241 125
241 127
241 129
241 131
241 133
241 135
241 137
241 139
241 141
241 143
241 145
241 147
241 149
241 151
241 153
241 155
241 157
241 159
241 161
241 163
241 165
241 167
241 169
241 171
241 173
241 175
241 177
241 179
241 181
241 183
241 185
241 187
241 189
241 191
241 193
241 195
241 197
241 199
241 201
241 203
241 205
241 207
241 209
241 211
241 213
241 215
241 217
241 219
241 221
241 223
241 225
241 227
241 229
241 231
241 233
241 235
241 237
241 239
243 1
243 5
243 7
243 11
243 13
243 17
243 19
243 23
243 25
243 29
243 31
243 35
243 37
243 41
243 43
243 47
243 49
243 53
243 55
243 59
243 61
243 65
243 67
243 71
243 73
243 77
243 79
243 83
243 85
243 89
243 91
243 95
243 97
243 101
243 103
243 107
243 109
243 113
243 115
243 119
243 121
243 125
243 127
243 131
243 133
243 137
243 139
243 143
243 145
243 149
243 151
243 155
243 157
243 161
243 163
243 167
243 169
243 173
243 175
243 179
243 181
243 185
243 187
243 191
243 193
243 197
243 199
243 203
243 205
243 209
243 211
243 215
243 217
243 221
243 223
243 227
243 229
243 233
243 235
243 239
243 241
245 1
245 3
245 9
245 11
245 13
245 17
245 19
245 23
245 27
245 29
245 31
245 33
245 37
245 39
245 41
245 43
245 47
245 51
245 53
245 57
245 59
245 61
245 67
245 69
245 71
245 73
245 79
245 81
245 83
245 87
245 89
245 93
245 97
245 99
245 101
245 103
245 107
245 109
245 111
245 113
245 117
245 121
245 123
245 127
245 129
245 131
245 137
245 139
245 141
245 143
245 149
245 151
245 153
245 157
245 159
245 163
245 167
245 169
245 171
245 173
245 177
245 179
245 181
245 183
245 187
245 191
245 193
245 197
245 199
245 201
245 207
245 209
245 211
245 213
245 219
245 221
245 223
245 227
245 229
245 233
245 237
245 239
245 241
245 243
247 1
247 3
247 5
247 7
247 9
247 11
247 15
247 17
247 21
247 23
247 25
247 27
247 29
247 31
247 33
247 35
247 37
247 41
247 43
247 45
247 47
247 49
247 51
247 53
247 55
247 59
247 61
247 63
247 67
247 69
247 71
247 73
247 75
247 77
247 79
247 81
247 83
247 85
247 87
247 89
247 93
247 97
247 99
247 101
247 103
247 105
247 107
247 109
247 111
247 113
247 115
247 119
247 121
247 123
247 125
247 127
247 129
247 131
247 135
247 137
247 139
247 141
247 145
247 147
247 149
247 151
247 153
247 155
247 157
247 159
247 161
247 163
247 165
247 167
247 173
247 175
247 177
247 179
247 181
247 183
247 185
247 187
247 189
247 191
247 193
247 197
247 199
247 201
247 203
247 205
247 207
247 211
247 213
247 215
247 217
247 219
247 223
247 225
247 227
247 229
247 231
247 233
247 235
247 237
247 239
247 241
247 243
247 245
249 1
249 5
249 7
249 11
249 13
249 17
249 19
249 23
249 25
249 29
249 31
249 35
249 37
249 41
249 43
249 47
249 49
249 53
249 55
249 59
249 61
249 65
249 67
249 71
249 73
249 77
249 79
249 85
249 89
249 91
249 95
249 97
249 101
249 103
249 107
249 109
249 113
249 115
249 119
249 121
249 125
249 127
249 131
249 133
249 137
249 139
249 143
249 145
249 149
249 151
249 155
249 157
249 161
249 163
249 167
249 169
249 173
249 175
249 179
249 181
249 185
249 187
249 191
249 193
249 197
249 199
249 203
249 205
249 209
249 211
249 215
249 217
249 221
249 223
249 227
249 229
249 233
249 235
249 239
249 241
249 245
249 247
251 1
251 3
251 5
251 7
251 9
251 11
251 13
251 15
251 17
251 19
251 21
251 23
251 25
251 27
251 29
251 31
251 33
251 35
251 37
251 39
251 41
251 43
251 45
251 47
251 49
251 51
251 53
251 55
251 57
251 59
251 61
251 63
251 65
251 67
251 69
251 71
251 73
251 75
251 77
251 79
251 81
251 83
251 85
251 87
251 89
251 91
251 93
251 95
251 97
251 99
251 101
251 103
251 105
251 107
251 109
251 111
251 113
251 115
251 117
251 119
251 121
251 123
251 125
251 127
251 129
251 131
251 133
251 135
251 137
251 139
251 141
251 143
251 145
251 147
251 149
251 151
251 153
251 155
251 157
251 159
251 161
251 163
251 165
251 167
251 169
251 171
251 173
251 175
251 177
251 179
251 181
251 183
251 185
251 187
251 189
251 191
251 193
251 195
251 197
251 199
251 201
251 203
251 205
251 207
251 209
251 211
251 213
251 215
251 217
251 219
251 221
251 223
251 225
251 227
251 229
251 231
251 233
251 235
251 237
251 239
251 241
251 243
251 245
251 247
251 249
253 1
253 3
253 5
253 7
253 9
253 13
253 15
253 17
253 19
253 21
253 25
253 27
253 29
253 31
253 35
253 37
253 39
253 41
253 43
253 45
253 47
253 49
253 51
253 53
253 57
253 59
253 61
253 63
253 65
253 67
253 71
253 73
253 75
253 79
253 81
253 83
253 85
253 87
253 89
253 91
253 93
253 95
253 97
253 101
253 103
253 105
253 107
253 109
253 111
253 113
253 117
253 119
253 123
253 125
253 127
253 129
253 131
253 133
253 135
253 137
253 139
253 141
253 145
253 147
253 149
253 151
253 153
253 155
253 157
253 159
253 163
253 167
253 169
253 171
253 173
253 175
253 177
253 179
253 181
253 183
253 185
253 189
253 191
253 193
253 195
253 197
253 199
253 201
253 203
253 205
253 211
253 213
253 215
253 217
253 219
253 221
253 223
253 225
253 227
253 229
253 233
253 235
253 237
253 239
253 241
253 243
253 245
253 247
253 249
253 251
255 1
255 7
255 11
255 13
255 19
255 23
255 29
255 31
255 37
255 41
255 43
255 47
255 49
255 53
255 59
255 61
255 67
255 71
255 73
255 77
255 79
255 83
255 89
255 91
255 97
255 101
255 103
255 107
255 109
255 113
255 121
255 127
255 131
255 133
255 137
255 139
255 143
255 149
255 151
255 157
255 161
255 163
255 167
255 169
255 173
255 179
255 181
255 191
255 193
255 197
255 199
255 203
255 209
255 211
255 217
255 223
255 227
255 229
255 233
255 239
255 241
255 247
255 251
255 253
257 1
257 3
257 5
257 7
257 9
257 11
257 13
257 15
257 17
257 19
257 21
257 23
257 25
257 27
257 29
257 31
257 33
257 35
257 37
257 39
257 41
257 43
257 45
257 47
257 49
257 51
257 53
257 55
257 57
257 59
257 61
257 63
257 65
257 67
257 69
257 71
257 73
257 75
257 77
257 79
257 81
257 83
257 85
257 87
257 89
257 91
257 93
257 95
257 97
257 99
257 101
257 103
257 105
257 107
257 109
257 111
257 113
257 115
257 117
257 119
257 121
257 123
257 125
257 127
257 129
257 131
257 133
257 135
257 137
257 139
257 141
257 143
257 145
257 147
257 149
257 151
257 153
257 155
257 157
257 159
257 161
257 163
257 165
257 167
257 169
257 171
257 173
257 175
257 177
257 179
257 181
257 183
257 185
257 187
257 189
257 191
257 193
257 195
257 197
257 199
257 201
257 203
257 205
257 207
257 209
257 211
257 213
257 215
257 217
257 219
257 221
257 223
257 225
257 227
257 229
257 231
257 233
257 235
257 237
257 239
257 241
257 243
257 245
257 247
257 249
257 251
257 253
257 255
259 1
259 3
259 5
259 9
259 11
259 13
259 15
259 17
259 19
259 23
259 25
259 27
259 29
259 31
259 33
259 39
259 41
259 43
259 45
259 47
259 51
259 53
259 55
259 57
259 59
259 61
259 65
259 67
259 69
259 71
259 73
259 75
259 79
259 81
259 83
259 85
259 87
259 89
259 93
259 95
259 97
259 99
259 101
259 103
259 107
259 109
259 113
259 115
259 117
259 121
259 123
259 125
259 127
259 129
259 131
259 135
259 137
259 139
259 141
259 143
259 145
259 149
259 151
259 153
259 155
259 157
259 159
259 163
259 165
259 167
259 169
259 171
259 173
259 177
259 179
259 181
259 183
259 187
259 191
259 193
259 195
259 197
259 199
259 201
259 205
259 207
259 209
259 211
259 213
259 215
259 219
259 221
259 223
259 225
259 227
259 229
259 233
259 235
259 237
259 239
259 241
259 243
259 247
259 249
259 251
259 253
259 255
259 257
261 1
261 5
261 7
261 11
261 13
261 17
261 19
261 23
261 25
261 31
261 35
261 37
261 41
261 43
261 47
261 49
261 53
261 55
261 59
261 61
261 65
261 67
261 71
261 73
261 77
261 79
261 83
261 85
261 89
261 91
261 95
261 97
261 101
261 103
261 107
261 109
261 113
261 115
261 119
261 121
261 125
261 127
261 131
261 133
261 137
261 139
261 143
261 149
261 151
261 155
261 157
261 161
261 163
261 167
261 169
261 173
261 175
261 179
261 181
261 185
261 187
261 191
261 193
261 197
261 199
261 205
261 209
261 211
261 215
261 217
261 221
261 223
261 227
261 229
261 233
261 235
261 239
261 241
261 245
261 247
261 251
261 253
261 257
261 259
263 1
263 3
263 5
263 7
263 9
263 11
263 13
263 15
263 17
263 19
263 21
263 23
263 25
263 27
263 29
263 31
263 33
263 35
263 37
263 39
263 41
263 43
263 45
263 47
263 49
263 51
263 53
263 55
263 57
263 59
263 61
263 63
263 65
263 67
263 69
263 71
263 73
263 75
263 77
263 79
263 81
263 83
263 85
263 87
263 89
263 91
263 93
263 95
263 97
263 99
263 101
263 103
263 105
263 107
263 109
263 111
263 113
263 115
263 117
263 119
263 121
263 123
263 125
263 127
263 129
263 131
263 133
263 135
263 137
263 139
263 141
263 143
263 145
263 147
263 149
263 151
263 153
263 155
263 157
263 159
263 161
263 163
263 165
263 167
263 169
263 171
263 173
263 175
263 177
263 179
263 181
263 183
263 185
263 187
263 189
263 191
263 193
263 195
263 197
263 199
263 201
263 203
263 205
263 207
263 209
263 211
263 213
263 215
263 217
263 219
263 221
263 223
263 225
263 227
263 229
263 231
263 233
263 235
263 237
263 239
263 241
263 243
263 245
263 247
263 249
263 251
263 253
263 255
263 257
263 259
263 261
265 1
265 3
265 7
265 9
265 11
265 13
265 17
265 19
265 21
265 23
265 27
265 29
265 31
265 33
265 37
265 39
265 41
265 43
265 47
265 49
265 51
265 57
265 59
265 61
265 63
265 67
265 69
265 71
265 73
265 77
265 79
265 81
265 83
265 87
265 89
265 91
265 93
265 97
265 99
265 101
265 103
265 107
265 109
265 111
265 113
265 117
265 119
265 121
265 123
265 127
265 129
265 131
265 133
265 137
265 139
265 141
265 143
265 147
265 149
265 151
265 153
265 157
265 161
265 163
265 167
265 169
265 171
265 173
265 177
265 179
265 181
265 183
265 187
265 189
265 191
265 193
265 197
265 199
265 201
265 203
265 207
265 209
265 211
265 213
265 217
265 219
265 221
265 223
265 227
265 229
265 231
265 233
265 237
265 239
265 241
265 243
265 247
265 249
265 251
265 253
265 257
265 259
265 261
265 263
267 1
267 5
267 7
267 11
267 13
267 17
267 19
267 23
267 25
267 29
267 31
267 35
267 37
267 41
267 43
267 47
267 49
267 53
267 55
267 59
267 61
267 65
267 67
267 71
267 73
267 77
267 79
267 83
267 85
267 91
267 95
267 97
267 101
267 103
267 107
267 109
267 113
267 115
267 119
267 121
267 125
267 127
267 131
267 133
267 137
267 139
267 143
267 145
267 149
267 151
267 155
267 157
267 161
267 163
267 167
267 169
267 173
267 175
267 179
267 181
267 185
267 187
267 191
267 193
267 197
267 199
267 203
267 205
267 209
267 211
267 215
267 217
267 221
267 223
267 227
267 229
267 233
267 235
267 239
267 241
267 245
267 247
267 251
267 253
267 257
267 259
267 263
267 265
269 1
269 3
269 5
269 7
269 9
269 11
269 13
269 15
269 17
269 19
269 21
269 23
269 25
269 27
269 29
269 31
269 33
269 35
269 37
269 39
269 41
269 43
269 45
269 47
269 49
269 51
269 53
269 55
269 57
269 59
269 61
269 63
269 65
269 67
269 69
269 71
269 73
269 75
269 77
269 79
269 81
269 83
269 85
269 87
269 89
269 91
269 93
269 95
269 97
269 99
269 101
269 103
269 105
269 107
269 109
269 111
269 113
269 115
269 117
269 119
269 121
269 123
269 125
269 127
269 129
269 131
269 133
269 135
269 137
269 139
269 141
269 143
269 145
269 147
269 149
269 151
269 153
269 155
269 157
269 159
269 161
269 163
269 165
269 167
269 169
269 171
269 173
269 175
269 177
269 179
269 181
269 183
269 185
269 187
269 189
269 191
269 193
269 195
269 197
269 199
269 201
269 203
269 205
269 207
269 209
269 211
269 213
269 215
269 217
269 219
269 221
269 223
269 225
269 227
269 229
269 231
269 233
269 235
269 237
269 239
269 241
269 243
269 245
269 247
269 249
269 251
269 253
269 255
269 257
269 259
269 261
269 263
269 265
269 267
271 1
271 3
271 5
271 7
271 9
271 11
271 13
271 15
271 17
271 19
271 21
271 23
271 25
271 27
271 29
271 31
271 33
271 35
271 37
271 39
271 41
271 43
271 45
271 47
271 49
271 51
271 53
271 55
271 57
271 59
271 61
271 63
271 65
271 67
271 69
271 71
271 73
271 75
271 77
271 79
271 81
271 83
271 85
271 87
271 89
271 91
271 93
271 95
271 97
271 99
271 101
271 103
271 105
271 107
271 109
271 111
271 113
271 115
271 117
271 119
271 121
271 123
271 125
271 127
271 129
271 131
271 133
271 135
271 137
271 139
271 141
271 143
271 145
271 147
271 149
271 151
271 153
271 155
271 157
271 159
271 161
271 163
271 165
271 167
271 169
271 171
271 173
271 175
271 177
271 179
271 181
271 183
271 185
271 187
271 189
271 191
271 193
271 195
271 197
271 199
271 201
271 203
271 205
271 207
271 209
271 211
271 213
271 215
271 217
271 219
271 221
271 223
271 225
271 227
271 229
271 231
271 233
271 235
271 237
271 239
271 241
271 243
271 245
271 247
271 249
271 251
271 253
271 255
271 257
271 259
271 261
271 263
271 265
271 267
271 269
273 1
273 5
273 11
273 17
273 19
273 23
273 25
273 29
273 31
273 37
273 41
273 43
273 47
273 53
273 55
273 59
273 61
273 67
273 71
273 73
273 79
273 83
273 85
273 89
273 95
273 97
273 101
273 103
273 107
273 109
273 113
273 115
273 121
273 125
273 127
273 131
273 137
273 139
273 145
273 149
273 151
273 155
273 157
273 163
273 167
273 173
273 179
273 181
273 185
273 187
273 191
273 193
273 197
273 199
273 205
273 209
273 211
273 215
273 223
273 227
273 229
273 233
273 235
273 239
273 241
273 251
273 253
273 257
273 263
273 265
273 269
273 271
275 1
275 3
275 7
275 9
275 13
275 17
275 19
275 21
275 23
275 27
275 29
275 31
275 37
275 39
275 41
275 43
275 47
275 49
275 51
275 53
275 57
275 59
275 61
275 63
275 67
275 69
275 71
275 73
275 79
275 81
275 83
275 87
275 89
275 91
275 93
275 97
275 101
275 103
275 107
275 109
275 111
275 113
275 117
275 119
275 123
275 127
275 129
275 131
275 133
275 137
275 139
275 141
275 147
275 149
275 151
275 153
275 157
275 159
275 161
275 163
275 167
275 169
275 171
275 173
275 177
275 179
275 181
275 183
275 189
275 191
275 193
275 197
275 199
275 201
275 203
275 207
275 211
275 213
275 217
275 219
275 221
275 223
275 227
275 229
275 233
275 237
275 239
275 241
275 243
275 247
275 249
275 251
275 257
275 259
275 261
275 263
275 267
275 269
275 271
275 273
277 1
277 3
277 5
277 7
277 9
277 11
277 13
277 15
277 17
277 19
277 21
277 23
277 25
277 27
277 29
277 31
277 33
277 35
277 37
277 39
277 41
277 43
277 45
277 47
277 49
277 51
277 53
277 55
277 57
277 59
277 61
277 63
277 65
277 67
277 69
277 71
277 73
277 75
277 77
277 79
277 81
277 83
277 85
277 87
277 89
277 91
277 93
277 95
277 97
277 99
277 101
277 103
277 105
277 107
277 109
277 111
277 113
277 115
277 117
277 119
277 121
277 123
277 125
277 127
277 129
277 131
277 133
277 135
277 137
277 139
277 141
277 143
277 145
277 147
277 149
277 151
277 153
277 155
277 157
277 159
277 161
277 163
277 165
277 167
277 169
277 171
277 173
277 175
277 177
277 179
277 181
277 183
277 185
277 187
277 189
277 191
277 193
277 195
277 197
277 199
277 201
277 203
277 205
277 207
277 209
277 211
277 213
277 215
277 217
277 219
277 221
277 223
277 225
277 227
277 229
277 231
277 233
277 235
277 237
277 239
277 241
277 243
277 245
277 247
277 249
277 251
277 253
277 255
277 257
277 259
277 261
277 263
277 265
277 267
277 269
277 271
277 273
277 275
279 1
279 5
279 7
279 11
279 13
279 17
279 19
279 23
279 25
279 29
279 35
279 37
279 41
279 43
279 47
279 49
279 53
279 55
279 59
279 61
279 65
279 67
279 71
279 73
279 77
279 79
279 83
279 85
279 89
279 91
279 95
279 97
279 101
279 103
279 107
279 109
279 113
279 115
279 119
279 121
279 125
279 127
279 131
279 133
279 137
279 139
279 143
279 145
279 149
279 151
279 157
279 161
279 163
279 167
279 169
279 173
279 175
279 179
279 181
279 185
279 187
279 191
279 193
279 197
279 199
279 203
279 205
279 209
279 211
279 215
279 221
279 223
279 227
279 229
279 233
279 235
279 239
279 241
279 245
279 247
279 251
279 253
279 257
279 259
279 263
279 265
279 269
279 271
279 275
279 277
281 1
281 3
281 5
281 7
281 9
281 11
281 13
281 15
281 17
281 19
281 21
281 23
281 25
281 27
281 29
281 31
281 33
281 35
281 37
281 39
281 41
281 43
281 45
281 47
281 49
281 51
281 53
281 55
281 57
281 59
281 61
281 63
281 65
281 67
281 69
281 71
281 73
281 75
281 77
281 79
281 81
281 83
281 85
281 87
281 89
281 91
281 93
281 95
281 97
281 99
281 101
281 103
281 105
281 107
281 109
281 111
281 113
281 115
281 117
281 119
281 121
281 123
281 125
281 127
281 129
281 131
281 133
281 135
281 137
281 139
281 141
281 143
281 145
281 147
281 149
281 151
281 153
281 155
281 157
281 159
281 161
281 163
281 165
281 167
281 169
281 171
281 173
281 175
281 177
281 179
281 181
281 183
281 185
281 187
281 189
281 191
281 193
281 195
281 197
281 199
281 201
281 203
281 205
281 207
281 209
281 211
281 213
281 215
281 217
281 219
281 221
281 223
281 225
281 227
281 229
281 231
281 233
281 235
281 237
281 239
281 241
281 243
281 245
281 247
281 249
281 251
281 253
281 255
281 257
281 259
281 261
281 263
281 265
281 267
281 269
281 271
281 273
281 275
281 277
281 279
283 1
283 3
283 5
283 7
283 9
283 11
283 13
283 15
283 17
283 19
283 21
283 23
283 25
283 27
283 29
283 31
283 33
283 35
283 37
283 39
283 41
283 43
283 45
283 47
283 49
283 51
283 53
283 55
283 57
283 59
283 61
283 63
283 65
283 67
283 69
283 71
283 73
283 75
283 77
283 79
283 81
283 83
283 85
283 87
283 89
283 91
283 93
283 95
283 97
283 99
283 101
283 103
283 105
283 107
283 109
283 111
283 113
283 115
283 117
283 119
283 121
283 123
283 125
283 127
283 129
283 131
283 133
283 135
283 137
283 139
283 141
283 143
283 145
283 147
283 149
283 151
283 153
283 155
283 157
283 159
283 161
283 163
283 165
283 167
283 169
283 171
283 173
283 175
283 177
283 179
283 181
283 183
283 185
283 187
283 189
283 191
283 193
283 195
283 197
283 199
283 201
283 203
283 205
283 207
283 209
283 211
283 213
283 215
283 217
283 219
283 221
283 223
283 225
283 227
283 229
283 231
283 233
283 235
283 237
283 239
283 241
283 243
283 245
283 247
283 249
283 251
283 253
283 255
283 257
283 259
283 261
283 263
283 265
283 267
283 269
283 271
283 273
283 275
283 277
283 279
283 281
285 1
285 7
285 11
285 13
285 17
285 23
285 29
285 31
285 37
285 41
285 43
285 47
285 49
285 53
285 59
285 61
285 67
285 71
285 73
285 77
285 79
285 83
285 89
285 91
285 97
285 101
285 103
285 107
285 109
285 113
285 119
285 121
285 127
285 131
285 137
285 139
285 143
285 149
285 151
285 157
285 161
285 163
285 167
285 169
285 173
285 179
285 181
285 187
285 191
285 193
285 197
285 199
285 203
285 211
285 217
285 221
285 223
285 227
285 229
285 233
285 239
285 241
285 251
285 253
285 257
285 259
285 263
285 269
285 271
285 277
285 281
285 283
287 1
287 3
287 5
287 9
287 11
287 13
287 15
287 17
287 19
287 23
287 25
287 27
287 29
287 31
287 33
287 37
287 39
287 43
287 45
287 47
287 51
287 53
287 55
287 57
287 59
287 61
287 65
287 67
287 69
287 71
287 73
287 75
287 79
287 81
287 83
287 85
287 87
287 89
287 93
287 95
287 97
287 99
287 101
287 103
287 107
287 109
287 111
287 113
287 115
287 117
287 121
287 125
287 127
287 129
287 131
287 135
287 137
287 139
287 141
287 143
287 145
287 149
287 151
287 153
287 155
287 157
287 159
287 163
287 165
287 167
287 169
287 171
287 173
287 177
287 179
287 181
287 183
287 185
287 187
287 191
287 193
287 195
287 197
287 199
287 201
287 207
287 209
287 211
287 213
287 215
287 219
287 221
287 223
287 225
287 227
287 229
287 233
287 235
287 237
287 239
287 241
287 243
287 247
287 249
287 251
287 253
287 255
287 257
287 261
287 263
287 265
287 267
287 269
287 271
287 275
287 277
287 279
287 281
287 283
287 285
289 1
289 3
289 5
289 7
289 9
289 11
289 13
289 15
289 19
289 21
289 23
289 25
289 27
289 29
289 31
289 33
289 35
289 37
289 39
289 41
289 43
289 45
289 47
289 49
289 53
289 55
289 57
289 59
289 61
289 63
289 65
289 67
289 69
289 71
289 73
289 75
289 77
289 79
289 81
289 83
289 87
289 89
289 91
289 93
289 95
289 97
289 99
289 101
289 103
289 105
289 107
289 109
289 111
289 113
289 115
289 117
289 121
289 123
289 125
289 127
289 129
289 131
289 133
289 135
289 137
289 139
289 141
289 143
289 145
289 147
289 149
289 151
289 155
289 157
289 159
289 161
289 163
289 165
289 167
289 169
289 171
289 173
289 175
289 177
289 179
289 181
289 183
289 185
289 189
289 191
289 193
289 195
289 197
289 199
289 201
289 203
289 205
289 207
289 209
289 211
289 213
289 215
289 217
289 219
289 223
289 225
289 227
289 229
289 231
289 233
289 235
289 237
289 239
289 241
289 243
289 245
289 247
289 249
289 251
289 253
289 257
289 259
289 261
289 263
289 265
289 267
289 269
289 271
289 273
289 275
289 277
289 279
289 281
289 283
289 285
289 287
291 1
291 5
291 7
291 11
291 13
291 17
291 19
291 23
291 25
291 29
291 31
291 35
291 37
291 41
291 43
291 47
291 49
291 53
291 55
291 59
291 61
291 65
291 67
291 71
291 73
291 77
291 79
291 83
291 85
291 89
291 91
291 95
291 101
291 103
291 107
291 109
291 113
291 115
291 119
291 121
291 125
291 127
291 131
291 133
291 137
291 139
291 143
291 145
291 149
291 151
291 155
291 157
291 161
291 163
291 167
291 169
291 173
291 175
291 179
291 181
291 185
291 187
291 191
291 193
291 197
291 199
291 203
291 205
291 209
291 211
291 215
291 217
291 221
291 223
291 227
291 229
291 233
291 235
291 239
291 241
291 245
291 247
291 251
291 253
291 257
291 259
291 263
291 265
291 269
291 271
291 275
291 277
291 281
291 283
291 287
291 289
293 1
293 3
293 5
293 7
293 9
293 11
293 13
293 15
293 17
293 19
293 21
293 23
293 25
293 27
293 29
293 31
293 33
293 35
293 37
293 39
293 41
293 43
293 45
293 47
293 49
293 51
293 53
293 55
293 57
293 59
293 61
293 63
293 65
293 67
293 69
293 71
293 73
293 75
293 77
293 79
293 81
293 83
293 85
293 87
293 89
293 91
293 93
293 95
293 97
293 99
293 101
293 103
293 105
293 107
293 109
293 111
293 113
293 115
293 117
293 119
293 121
293 123
293 125
293 127
293 129
293 131
293 133
293 135
293 137
293 139
293 141
293 143
293 145
293 147
293 149
293 151
293 153
293 155
293 157
293 159
293 161
293 163
293 165
293 167
293 169
293 171
293 173
293 175
293 177
293 179
293 181
293 183
293 185
293 187
293 189
293 191
293 193
293 195
293 197
293 199
293 201
293 203
293 205
293 207
293 209
293 211
293 213
293 215
293 217
293 219
293 221
293 223
293 225
293 227
293 229
293 231
293 233
293 235
293 237
293 239
293 241
293 243
293 245
293 247
293 249
293 251
293 253
293 255
293 257
293 259
293 261
293 263
293 265
293 267
293 269
293 271
293 273
293 275
293 277
293 279
293 281
293 283
293 285
293 287
293 289
293 291
295 1
295 3
295 7
295 9
295 11
295 13
295 17
295 19
295 21
295 23
295 27
295 29
295 31
295 33
295 37
295 39
295 41
295 43
295 47
295 49
295 51
295 53
295 57
295 61
295 63
295 67
295 69
295 71
295 73
295 77
295 79
295 81
295 83
295 87
295 89
295 91
295 93
295 97
295 99
295 101
295 103
295 107
295 109
295 111
295 113
295 117
295 119
295 121
295 123
295 127
295 129
295 131
295 133
295 137
295 139
295 141
295 143
295 147
295 149
295 151
295 153
295 157
295 159
295 161
295 163
295 167
295 169
295 171
295 173
295 179
295 181
295 183
295 187
295 189
295 191
295 193
295 197
295 199
295 201
295 203
295 207
295 209
295 211
295 213
295 217
295 219
295 221
295 223
295 227
295 229
295 231
295 233
295 237
295 239
295 241
295 243
295 247
295 249
295 251
295 253
295 257
295 259
295 261
295 263
295 267
295 269
295 271
295 273
295 277
295 279
295 281
295 283
295 287
295 289
295 291
295 293
297 1
297 5
297 7
297 13
297 17
297 19
297 23
297 25
297 29
297 31
297 35
297 37
297 41
297 43
297 47
297 49
297 53
297 59
297 61
297 65
297 67
297 71
297 73
297 79
297 83
297 85
297 89
297 91
297 95
297 97
297 101
297 103
297 107
297 109
297 113
297 115
297 119
297 125
297 127
297 131
297 133
297 137
297 139
297 145
297 149
297 151
297 155
297 157
297 161
297 163
297 167
297 169
297 173
297 175
297 179
297 181
297 185
297 191
297 193
297 197
297 199
297 203
297 205
297 211
297 215
297 217
297 221
297 223
297 227
297 229
297 233
297 235
297 239
297 241
297 245
297 247
297 251
297 257
297 259
297 263
297 265
297 269
297 271
297 277
297 281
297 283
297 287
297 289
297 293
297 295
299 1
299 3
299 5
299 7
299 9
299 11
299 15
299 17
299 19
299 21
299 25
299 27
299 29
299 31
299 33
299 35
299 37
299 41
299 43
299 45
299 47
299 49
299 51
299 53
299 55
299 57
299 59
299 61
299 63
299 67
299 71
299 73
299 75
299 77
299 79
299 81
299 83
299 85
299 87
299 89
299 93
299 95
299 97
299 99
299 101
299 103
299 105
299 107
299 109
299 111
299 113
299 119
299 121
299 123
299 125
299 127
299 129
299 131
299 133
299 135
299 137
299 139
299 141
299 145
299 147
299 149
299 151
299 153
299 155
299 157
299 159
299 163
299 165
299 167
299 171
299 173
299 175
299 177
299 179
299 181
299 183
299 185
299 187
299 189
299 191
299 193
299 197
299 199
299 201
299 203
299 205
299 209
299 211
299 213
299 215
299 217
299 219
299 223
299 225
299 227
299 229
299 231
299 233
299 235
299 237
299 239
299 241
299 243
299 245
299 249
299 251
299 255
299 257
299 259
299 261
299 263
299 265
299 267
299 269
299 271
299 275
299 277
299 279
299 281
299 283
299 285
299 287
299 289
299 291
299 293
299 295
299 297
301 1
301 3
301 5
301 9
301 11
301 13
301 15
301 17
301 19
301 23
301 25
301 27
301 29
301 31
301 33
301 37
301 39
301 41
301 45
301 47
301 51
301 53
301 55
301 57
301 59
301 61
301 65
301 67
301 69
301 71
301 73
301 75
301 79
301 81
301 83
301 85
301 87
301 89
301 93
301 95
301 97
301 99
301 101
301 103
301 107
301 109
301 111
301 113
301 115
301 117
301 121
301 123
301 125
301 127
301 131
301 135
301 137
301 139
301 141
301 143
301 145
301 149
301 151
301 153
301 155
301 157
301 159
301 163
301 165
301 167
301 169
301 171
301 173
301 177
301 179
301 181
301 183
301 185
301 187
301 191
301 193
301 195
301 197
301 199
301 201
301 205
301 207
301 209
301 211
301 213
301 219
301 221
301 223
301 225
301 227
301 229
301 233
301 235
301 237
301 239
301 241
301 243
301 247
301 249
301 251
301 253
301 255
301 257
301 261
301 263
301 265
301 267
301 269
301 271
301 275
301 277
301 279
301 281
301 283
301 285
301 289
301 291
301 293
301 295
301 297
301 299