7 1 5
17 7 13
23 7 17
31 17 25
41 1 29
47 23 37
49 31 41
73 17 53
71 49 61
89 23 65
79 47 65
103 7 73
113 41 85
97 71 85
119 41 89
137 7 97
119 79 101
151 31 109
127 97 113
161 73 125
193 17 137
167 119 145
161 127 145
191 89 149
217 47 157
239 1 169
217 113 173
199 161 181
257 49 185
233 119 185
263 73 193
223 167 197
289 23 205
271 103 205
311 31 221
241 199 221
281 161 229
313 103 233
329 89 241
287 223 257
343 151 265
287 241 265
329 191 269
367 137 277
391 71 281
401 79 289
353 217 293
431 17 305
409 137 305
337 287 313
383 233 317
457 49 325
359 287 325
463 113 337
479 119 349
497 47 353
433 281 365
391 337 365
527 23 373
497 193 377
487 217 377
529 151 389
553 97 397
439 359 401
511 271 409
449 391 421
601 7 425
503 329 425
553 263 433
599 193 445
521 353 445
631 71 449
593 257 457
641 119 461
679 41 481
511 449 481
569 383 485
527 439 485
623 313 493
607 343 493