наклон 204/247: клетки [247, -247, 204, -204, 43, -43, 451, -451]; вырожденные рациональные z на X_k: [0]
множителей 104 (из 126), время 7.0 с; ранги: 20×1 44×2 32×3 8×4; недоказанных 0; насыщение индексы>1: 9
используем: -451,-247,-43 (r=1, T=[2, 2]); -451,-43,451 (r=1, T=[2, 2]); -451,43,204 (r=1, T=[2, 2]); -451,43,451 (r=1, T=[2, 2]); -247,-204,204 (r=1, T=[2, 2]); -247,-43,43 (r=1, T=[2, 2]); -247,-43,247 (r=1, T=[2, 2]); -247,43,247 (r=1, T=[2, 2]); -204,-43,43 (r=1, T=[2, 2]); -204,-43,451 (r=1, T=[2, 2]); -204,204,247 (r=1, T=[2, 2]); -43,43,204 (r=1, T=[2, 2]); -43,43,247 (r=1, T=[2, 2]); 43,247,451 (r=1, T=[2, 2]); -451,-247,-204,43 (r=1, T=[2, 2]); -451,-204,43,451 (r=1, T=[2, 2])
  ('add', '-451,-247,-43'): выживших 1 (N=[2, 2, 2, 2, 2, 2, 2, 2, 2, 2, 2, 2, 2, 2, 2, 2])
  ('add', '-451,-43,451'): выживших 1 (N=[2, 2, 2, 2, 2, 2, 2, 2, 2, 2, 2, 2, 2, 2, 2, 2])
  ('add', '-451,43,204'): выживших 1 (N=[2, 2, 2, 2, 2, 2, 2, 2, 2, 2, 2, 2, 2, 2, 2, 2])
  ('add', '-451,43,451'): выживших 1 (N=[2, 2, 2, 2, 2, 2, 2, 2, 2, 2, 2, 2, 2, 2, 2, 2])
  ('add', '-247,-204,204'): выживших 1 (N=[2, 2, 2, 2, 2, 2, 2, 2, 2, 2, 2, 2, 2, 2, 2, 2])
  ('add', '-247,-43,43'): выживших 1 (N=[2, 2, 2, 2, 2, 2, 2, 2, 2, 2, 2, 2, 2, 2, 2, 2])
  ('add', '-247,-43,247'): выживших 1 (N=[2, 2, 2, 2, 2, 2, 2, 2, 2, 2, 2, 2, 2, 2, 2, 2])
  ('add', '-247,43,247'): выживших 1 (N=[2, 2, 2, 2, 2, 2, 2, 2, 2, 2, 2, 2, 2, 2, 2, 2])
  ('add', '-204,-43,43'): выживших 1 (N=[2, 2, 2, 2, 2, 2, 2, 2, 2, 2, 2, 2, 2, 2, 2, 2])
  ('add', '-204,-43,451'): выживших 1 (N=[2, 2, 2, 2, 2, 2, 2, 2, 2, 2, 2, 2, 2, 2, 2, 2])
  ('add', '-204,204,247'): выживших 1 (N=[2, 2, 2, 2, 2, 2, 2, 2, 2, 2, 2, 2, 2, 2, 2, 2])
  ('add', '-43,43,204'): выживших 1 (N=[2, 2, 2, 2, 2, 2, 2, 2, 2, 2, 2, 2, 2, 2, 2, 2])
  ('add', '-43,43,247'): выживших 1 (N=[2, 2, 2, 2, 2, 2, 2, 2, 2, 2, 2, 2, 2, 2, 2, 2])
  ('add', '43,247,451'): выживших 1 (N=[2, 2, 2, 2, 2, 2, 2, 2, 2, 2, 2, 2, 2, 2, 2, 2])
  ('add', '-451,-247,-204,43'): выживших 1 (N=[2, 2, 2, 2, 2, 2, 2, 2, 2, 2, 2, 2, 2, 2, 2, 2])
  ('add', '-451,-204,43,451'): выживших 1 (N=[2, 2, 2, 2, 2, 2, 2, 2, 2, 2, 2, 2, 2, 2, 2, 2])
  ('lift', '-451,-247,-43', 2): выживших 2 (N=[4, 2, 2, 2, 2, 2, 2, 2, 2, 2, 2, 2, 2, 2, 2, 2])
  ('lift', '-451,-43,451', 2): выживших 4 (N=[4, 4, 2, 2, 2, 2, 2, 2, 2, 2, 2, 2, 2, 2, 2, 2])
  ('lift', '-451,43,204', 2): выживших 8 (N=[4, 4, 4, 2, 2, 2, 2, 2, 2, 2, 2, 2, 2, 2, 2, 2])
  ('lift', '-451,43,451', 2): выживших 16 (N=[4, 4, 4, 4, 2, 2, 2, 2, 2, 2, 2, 2, 2, 2, 2, 2])
  ('lift', '-247,-204,204', 2): выживших 32 (N=[4, 4, 4, 4, 4, 2, 2, 2, 2, 2, 2, 2, 2, 2, 2, 2])
  ('lift', '-247,-43,43', 2): выживших 64 (N=[4, 4, 4, 4, 4, 4, 2, 2, 2, 2, 2, 2, 2, 2, 2, 2])
  ('lift', '-247,-43,247', 2): выживших 128 (N=[4, 4, 4, 4, 4, 4, 4, 2, 2, 2, 2, 2, 2, 2, 2, 2])
  ('lift', '-247,43,247', 2): выживших 128 (N=[4, 4, 4, 4, 4, 4, 4, 4, 2, 2, 2, 2, 2, 2, 2, 2])
  ('lift', '-204,-43,43', 2): выживших 128 (N=[4, 4, 4, 4, 4, 4, 4, 4, 4, 2, 2, 2, 2, 2, 2, 2])
  ('lift', '-204,-43,451', 2): выживших 256 (N=[4, 4, 4, 4, 4, 4, 4, 4, 4, 4, 2, 2, 2, 2, 2, 2])
  ('lift', '-204,204,247', 2): выживших 512 (N=[4, 4, 4, 4, 4, 4, 4, 4, 4, 4, 4, 2, 2, 2, 2, 2])
  ('lift', '-43,43,204', 2): выживших 256 (N=[4, 4, 4, 4, 4, 4, 4, 4, 4, 4, 4, 4, 2, 2, 2, 2])
  ('lift', '-43,43,247', 2): выживших 256 (N=[4, 4, 4, 4, 4, 4, 4, 4, 4, 4, 4, 4, 4, 2, 2, 2])
  ('lift', '43,247,451', 2): выживших 256 (N=[4, 4, 4, 4, 4, 4, 4, 4, 4, 4, 4, 4, 4, 4, 2, 2])
  ('lift', '-451,-247,-204,43', 2): выживших 256 (N=[4, 4, 4, 4, 4, 4, 4, 4, 4, 4, 4, 4, 4, 4, 4, 2])
  ('lift', '-451,-204,43,451', 2): выживших 256 (N=[4, 4, 4, 4, 4, 4, 4, 4, 4, 4, 4, 4, 4, 4, 4, 4])
  ('lift', '-451,-247,-43', 3): выживших 256 (N=[12, 4, 4, 4, 4, 4, 4, 4, 4, 4, 4, 4, 4, 4, 4, 4])
  ('lift', '-451,-43,451', 3): выживших 256 (N=[12, 12, 4, 4, 4, 4, 4, 4, 4, 4, 4, 4, 4, 4, 4, 4])
  ('lift', '-451,43,204', 3): выживших 256 (N=[12, 12, 12, 4, 4, 4, 4, 4, 4, 4, 4, 4, 4, 4, 4, 4])
  ('lift', '-451,43,451', 3): выживших 256 (N=[12, 12, 12, 12, 4, 4, 4, 4, 4, 4, 4, 4, 4, 4, 4, 4])
  ('lift', '-247,-204,204', 3): выживших 256 (N=[12, 12, 12, 12, 12, 4, 4, 4, 4, 4, 4, 4, 4, 4, 4, 4])
  ('lift', '-247,-43,43', 3): выживших 256 (N=[12, 12, 12, 12, 12, 12, 4, 4, 4, 4, 4, 4, 4, 4, 4, 4])
  ('lift', '-247,-43,247', 3): выживших 256 (N=[12, 12, 12, 12, 12, 12, 12, 4, 4, 4, 4, 4, 4, 4, 4, 4])
  ('lift', '-247,43,247', 3): выживших 256 (N=[12, 12, 12, 12, 12, 12, 12, 12, 4, 4, 4, 4, 4, 4, 4, 4])
  ('lift', '-204,-43,43', 3): выживших 256 (N=[12, 12, 12, 12, 12, 12, 12, 12, 12, 4, 4, 4, 4, 4, 4, 4])
  ('lift', '-204,-43,451', 3): выживших 256 (N=[12, 12, 12, 12, 12, 12, 12, 12, 12, 12, 4, 4, 4, 4, 4, 4])
  ('lift', '-204,204,247', 3): выживших 256 (N=[12, 12, 12, 12, 12, 12, 12, 12, 12, 12, 12, 4, 4, 4, 4, 4])
  ('lift', '-43,43,204', 3): выживших 256 (N=[12, 12, 12, 12, 12, 12, 12, 12, 12, 12, 12, 12, 4, 4, 4, 4])
  ('lift', '-43,43,247', 3): выживших 256 (N=[12, 12, 12, 12, 12, 12, 12, 12, 12, 12, 12, 12, 12, 4, 4, 4])
  ('lift', '43,247,451', 3): выживших 256 (N=[12, 12, 12, 12, 12, 12, 12, 12, 12, 12, 12, 12, 12, 12, 4, 4])
  ('lift', '-451,-247,-204,43', 3): выживших 256 (N=[12, 12, 12, 12, 12, 12, 12, 12, 12, 12, 12, 12, 12, 12, 12, 4])
  ('lift', '-451,-204,43,451', 3): выживших 256 (N=[12, 12, 12, 12, 12, 12, 12, 12, 12, 12, 12, 12, 12, 12, 12, 12])
  ('lift', '-451,-247,-43', 2): выживших 256 (N=[24, 12, 12, 12, 12, 12, 12, 12, 12, 12, 12, 12, 12, 12, 12, 12])
  ('lift', '-451,-43,451', 2): выживших 256 (N=[24, 24, 12, 12, 12, 12, 12, 12, 12, 12, 12, 12, 12, 12, 12, 12])
  ('lift', '-451,43,204', 2): выживших 256 (N=[24, 24, 24, 12, 12, 12, 12, 12, 12, 12, 12, 12, 12, 12, 12, 12])
  ('lift', '-451,43,451', 2): выживших 256 (N=[24, 24, 24, 24, 12, 12, 12, 12, 12, 12, 12, 12, 12, 12, 12, 12])
  ('lift', '-247,-204,204', 2): выживших 256 (N=[24, 24, 24, 24, 24, 12, 12, 12, 12, 12, 12, 12, 12, 12, 12, 12])
  ('lift', '-247,-43,43', 2): выживших 256 (N=[24, 24, 24, 24, 24, 24, 12, 12, 12, 12, 12, 12, 12, 12, 12, 12])
  ('lift', '-247,-43,247', 2): выживших 256 (N=[24, 24, 24, 24, 24, 24, 24, 12, 12, 12, 12, 12, 12, 12, 12, 12])
  ('lift', '-247,43,247', 2): выживших 256 (N=[24, 24, 24, 24, 24, 24, 24, 24, 12, 12, 12, 12, 12, 12, 12, 12])
  ('lift', '-204,-43,43', 2): выживших 256 (N=[24, 24, 24, 24, 24, 24, 24, 24, 24, 12, 12, 12, 12, 12, 12, 12])
  ('lift', '-204,-43,451', 2): выживших 256 (N=[24, 24, 24, 24, 24, 24, 24, 24, 24, 24, 12, 12, 12, 12, 12, 12])
  ('lift', '-204,204,247', 2): выживших 256 (N=[24, 24, 24, 24, 24, 24, 24, 24, 24, 24, 24, 12, 12, 12, 12, 12])
  ('lift', '-43,43,204', 2): выживших 256 (N=[24, 24, 24, 24, 24, 24, 24, 24, 24, 24, 24, 24, 12, 12, 12, 12])
  ('lift', '-43,43,247', 2): выживших 256 (N=[24, 24, 24, 24, 24, 24, 24, 24, 24, 24, 24, 24, 24, 12, 12, 12])
  ('lift', '43,247,451', 2): выживших 256 (N=[24, 24, 24, 24, 24, 24, 24, 24, 24, 24, 24, 24, 24, 24, 12, 12])
  ('lift', '-451,-247,-204,43', 2): выживших 256 (N=[24, 24, 24, 24, 24, 24, 24, 24, 24, 24, 24, 24, 24, 24, 24, 12])
  ('lift', '-451,-204,43,451', 2): выживших 256 (N=[24, 24, 24, 24, 24, 24, 24, 24, 24, 24, 24, 24, 24, 24, 24, 24])
ИТОГ 204/247: выживших классов 256, классов вырожденных точек 256, потеряно известных 0, НЕВЫРОЖДЕННЫХ выживших 0; N=[24, 24, 24, 24, 24, 24, 24, 24, 24, 24, 24, 24, 24, 24, 24, 24]; простых 155 (≤1000); время 193.5 с
