наклон 126/451: клетки [451, -451, 126, -126, 325, -325, 577, -577]; вырожденные рациональные z на X_k: [0]
множителей 104 (из 126), время 6.3 с; ранги: 18×1 64×2 18×3 4×4; недоказанных 0; насыщение индексы>1: 8
используем: -577,-325,-126 (r=1, T=[2, 2]); -577,-126,577 (r=1, T=[2, 2]); -577,126,325 (r=1, T=[2, 2]); -577,126,451 (r=1, T=[2, 2]); -577,126,577 (r=1, T=[2, 2]); -451,-126,577 (r=1, T=[2, 2]); -451,126,325 (r=1, T=[2, 2]); -325,-126,451 (r=1, T=[2, 2]); -325,-126,577 (r=1, T=[2, 2]); 126,325,577 (r=1, T=[2, 2]); -577,-325,-126,325 (r=1, T=[2, 2]); -577,-126,126,451 (r=1, T=[2, 2]); -451,-325,-126,126 (r=1, T=[2, 2]); -451,-325,-126,325 (r=1, T=[2, 2]); -451,-126,126,577 (r=1, T=[2, 2]); -325,126,325,451 (r=1, T=[2, 2])
  ('add', '-577,-325,-126'): выживших 1 (N=[2, 2, 2, 2, 2, 2, 2, 2, 2, 2, 2, 2, 2, 2, 2, 2])
  ('add', '-577,-126,577'): выживших 1 (N=[2, 2, 2, 2, 2, 2, 2, 2, 2, 2, 2, 2, 2, 2, 2, 2])
  ('add', '-577,126,325'): выживших 1 (N=[2, 2, 2, 2, 2, 2, 2, 2, 2, 2, 2, 2, 2, 2, 2, 2])
  ('add', '-577,126,451'): выживших 1 (N=[2, 2, 2, 2, 2, 2, 2, 2, 2, 2, 2, 2, 2, 2, 2, 2])
  ('add', '-577,126,577'): выживших 1 (N=[2, 2, 2, 2, 2, 2, 2, 2, 2, 2, 2, 2, 2, 2, 2, 2])
  ('add', '-451,-126,577'): выживших 1 (N=[2, 2, 2, 2, 2, 2, 2, 2, 2, 2, 2, 2, 2, 2, 2, 2])
  ('add', '-451,126,325'): выживших 1 (N=[2, 2, 2, 2, 2, 2, 2, 2, 2, 2, 2, 2, 2, 2, 2, 2])
  ('add', '-325,-126,451'): выживших 1 (N=[2, 2, 2, 2, 2, 2, 2, 2, 2, 2, 2, 2, 2, 2, 2, 2])
  ('add', '-325,-126,577'): выживших 1 (N=[2, 2, 2, 2, 2, 2, 2, 2, 2, 2, 2, 2, 2, 2, 2, 2])
  ('add', '126,325,577'): выживших 1 (N=[2, 2, 2, 2, 2, 2, 2, 2, 2, 2, 2, 2, 2, 2, 2, 2])
  ('add', '-577,-325,-126,325'): выживших 1 (N=[2, 2, 2, 2, 2, 2, 2, 2, 2, 2, 2, 2, 2, 2, 2, 2])
  ('add', '-577,-126,126,451'): выживших 1 (N=[2, 2, 2, 2, 2, 2, 2, 2, 2, 2, 2, 2, 2, 2, 2, 2])
  ('add', '-451,-325,-126,126'): выживших 1 (N=[2, 2, 2, 2, 2, 2, 2, 2, 2, 2, 2, 2, 2, 2, 2, 2])
  ('add', '-451,-325,-126,325'): выживших 1 (N=[2, 2, 2, 2, 2, 2, 2, 2, 2, 2, 2, 2, 2, 2, 2, 2])
  ('add', '-451,-126,126,577'): выживших 1 (N=[2, 2, 2, 2, 2, 2, 2, 2, 2, 2, 2, 2, 2, 2, 2, 2])
  ('add', '-325,126,325,451'): выживших 1 (N=[2, 2, 2, 2, 2, 2, 2, 2, 2, 2, 2, 2, 2, 2, 2, 2])
  ('lift', '-577,-325,-126', 2): выживших 2 (N=[4, 2, 2, 2, 2, 2, 2, 2, 2, 2, 2, 2, 2, 2, 2, 2])
  ('lift', '-577,-126,577', 2): выживших 4 (N=[4, 4, 2, 2, 2, 2, 2, 2, 2, 2, 2, 2, 2, 2, 2, 2])
  ('lift', '-577,126,325', 2): выживших 8 (N=[4, 4, 4, 2, 2, 2, 2, 2, 2, 2, 2, 2, 2, 2, 2, 2])
  ('lift', '-577,126,451', 2): выживших 16 (N=[4, 4, 4, 4, 2, 2, 2, 2, 2, 2, 2, 2, 2, 2, 2, 2])
  ('lift', '-577,126,577', 2): выживших 32 (N=[4, 4, 4, 4, 4, 2, 2, 2, 2, 2, 2, 2, 2, 2, 2, 2])
  ('lift', '-451,-126,577', 2): выживших 64 (N=[4, 4, 4, 4, 4, 4, 2, 2, 2, 2, 2, 2, 2, 2, 2, 2])
  ('lift', '-451,126,325', 2): выживших 64 (N=[4, 4, 4, 4, 4, 4, 4, 2, 2, 2, 2, 2, 2, 2, 2, 2])
  ('lift', '-325,-126,451', 2): выживших 128 (N=[4, 4, 4, 4, 4, 4, 4, 4, 2, 2, 2, 2, 2, 2, 2, 2])
  ('lift', '-325,-126,577', 2): выживших 128 (N=[4, 4, 4, 4, 4, 4, 4, 4, 4, 2, 2, 2, 2, 2, 2, 2])
  ('lift', '126,325,577', 2): выживших 128 (N=[4, 4, 4, 4, 4, 4, 4, 4, 4, 4, 2, 2, 2, 2, 2, 2])
  ('lift', '-577,-325,-126,325', 2): выживших 256 (N=[4, 4, 4, 4, 4, 4, 4, 4, 4, 4, 4, 2, 2, 2, 2, 2])
  ('lift', '-577,-126,126,451', 2): выживших 256 (N=[4, 4, 4, 4, 4, 4, 4, 4, 4, 4, 4, 4, 2, 2, 2, 2])
  ('lift', '-451,-325,-126,126', 2): выживших 256 (N=[4, 4, 4, 4, 4, 4, 4, 4, 4, 4, 4, 4, 4, 2, 2, 2])
  ('lift', '-451,-325,-126,325', 2): выживших 256 (N=[4, 4, 4, 4, 4, 4, 4, 4, 4, 4, 4, 4, 4, 4, 2, 2])
  ('lift', '-451,-126,126,577', 2): выживших 256 (N=[4, 4, 4, 4, 4, 4, 4, 4, 4, 4, 4, 4, 4, 4, 4, 2])
  ('lift', '-325,126,325,451', 2): выживших 256 (N=[4, 4, 4, 4, 4, 4, 4, 4, 4, 4, 4, 4, 4, 4, 4, 4])
  ('lift', '-577,-325,-126', 3): выживших 256 (N=[12, 4, 4, 4, 4, 4, 4, 4, 4, 4, 4, 4, 4, 4, 4, 4])
  ('lift', '-577,-126,577', 3): выживших 256 (N=[12, 12, 4, 4, 4, 4, 4, 4, 4, 4, 4, 4, 4, 4, 4, 4])
  ('lift', '-577,126,325', 3): выживших 256 (N=[12, 12, 12, 4, 4, 4, 4, 4, 4, 4, 4, 4, 4, 4, 4, 4])
  ('lift', '-577,126,451', 3): выживших 256 (N=[12, 12, 12, 12, 4, 4, 4, 4, 4, 4, 4, 4, 4, 4, 4, 4])
  ('lift', '-577,126,577', 3): выживших 256 (N=[12, 12, 12, 12, 12, 4, 4, 4, 4, 4, 4, 4, 4, 4, 4, 4])
  ('lift', '-451,-126,577', 3): выживших 256 (N=[12, 12, 12, 12, 12, 12, 4, 4, 4, 4, 4, 4, 4, 4, 4, 4])
  ('lift', '-451,126,325', 3): выживших 256 (N=[12, 12, 12, 12, 12, 12, 12, 4, 4, 4, 4, 4, 4, 4, 4, 4])
  ('lift', '-325,-126,451', 3): выживших 256 (N=[12, 12, 12, 12, 12, 12, 12, 12, 4, 4, 4, 4, 4, 4, 4, 4])
  ('lift', '-325,-126,577', 3): выживших 256 (N=[12, 12, 12, 12, 12, 12, 12, 12, 12, 4, 4, 4, 4, 4, 4, 4])
  ('lift', '126,325,577', 3): выживших 256 (N=[12, 12, 12, 12, 12, 12, 12, 12, 12, 12, 4, 4, 4, 4, 4, 4])
  ('lift', '-577,-325,-126,325', 3): выживших 256 (N=[12, 12, 12, 12, 12, 12, 12, 12, 12, 12, 12, 4, 4, 4, 4, 4])
  ('lift', '-577,-126,126,451', 3): выживших 256 (N=[12, 12, 12, 12, 12, 12, 12, 12, 12, 12, 12, 12, 4, 4, 4, 4])
  ('lift', '-451,-325,-126,126', 3): выживших 256 (N=[12, 12, 12, 12, 12, 12, 12, 12, 12, 12, 12, 12, 12, 4, 4, 4])
  ('lift', '-451,-325,-126,325', 3): выживших 256 (N=[12, 12, 12, 12, 12, 12, 12, 12, 12, 12, 12, 12, 12, 12, 4, 4])
  ('lift', '-451,-126,126,577', 3): выживших 256 (N=[12, 12, 12, 12, 12, 12, 12, 12, 12, 12, 12, 12, 12, 12, 12, 4])
  ('lift', '-325,126,325,451', 3): выживших 256 (N=[12, 12, 12, 12, 12, 12, 12, 12, 12, 12, 12, 12, 12, 12, 12, 12])
  ('lift', '-577,-325,-126', 2): выживших 256 (N=[24, 12, 12, 12, 12, 12, 12, 12, 12, 12, 12, 12, 12, 12, 12, 12])
  ('lift', '-577,-126,577', 2): выживших 256 (N=[24, 24, 12, 12, 12, 12, 12, 12, 12, 12, 12, 12, 12, 12, 12, 12])
  ('lift', '-577,126,325', 2): выживших 256 (N=[24, 24, 24, 12, 12, 12, 12, 12, 12, 12, 12, 12, 12, 12, 12, 12])
  ('lift', '-577,126,451', 2): выживших 256 (N=[24, 24, 24, 24, 12, 12, 12, 12, 12, 12, 12, 12, 12, 12, 12, 12])
  ('lift', '-577,126,577', 2): выживших 256 (N=[24, 24, 24, 24, 24, 12, 12, 12, 12, 12, 12, 12, 12, 12, 12, 12])
  ('lift', '-451,-126,577', 2): выживших 256 (N=[24, 24, 24, 24, 24, 24, 12, 12, 12, 12, 12, 12, 12, 12, 12, 12])
  ('lift', '-451,126,325', 2): выживших 256 (N=[24, 24, 24, 24, 24, 24, 24, 12, 12, 12, 12, 12, 12, 12, 12, 12])
  ('lift', '-325,-126,451', 2): выживших 256 (N=[24, 24, 24, 24, 24, 24, 24, 24, 12, 12, 12, 12, 12, 12, 12, 12])
  ('lift', '-325,-126,577', 2): выживших 256 (N=[24, 24, 24, 24, 24, 24, 24, 24, 24, 12, 12, 12, 12, 12, 12, 12])
  ('lift', '126,325,577', 2): выживших 256 (N=[24, 24, 24, 24, 24, 24, 24, 24, 24, 24, 12, 12, 12, 12, 12, 12])
  ('lift', '-577,-325,-126,325', 2): выживших 256 (N=[24, 24, 24, 24, 24, 24, 24, 24, 24, 24, 24, 12, 12, 12, 12, 12])
  ('lift', '-577,-126,126,451', 2): выживших 256 (N=[24, 24, 24, 24, 24, 24, 24, 24, 24, 24, 24, 24, 12, 12, 12, 12])
  ('lift', '-451,-325,-126,126', 2): выживших 256 (N=[24, 24, 24, 24, 24, 24, 24, 24, 24, 24, 24, 24, 24, 12, 12, 12])
  ('lift', '-451,-325,-126,325', 2): выживших 256 (N=[24, 24, 24, 24, 24, 24, 24, 24, 24, 24, 24, 24, 24, 24, 12, 12])
  ('lift', '-451,-126,126,577', 2): выживших 256 (N=[24, 24, 24, 24, 24, 24, 24, 24, 24, 24, 24, 24, 24, 24, 24, 12])
  ('lift', '-325,126,325,451', 2): выживших 256 (N=[24, 24, 24, 24, 24, 24, 24, 24, 24, 24, 24, 24, 24, 24, 24, 24])
ИТОГ 126/451: выживших классов 256, классов вырожденных точек 256, потеряно известных 0, НЕВЫРОЖДЕННЫХ выживших 0; N=[24, 24, 24, 24, 24, 24, 24, 24, 24, 24, 24, 24, 24, 24, 24, 24]; простых 155 (≤1000); время 173.5 с
