наклон 4/9: клетки [9, -9, 4, -4, 5, -5, 13, -13]; вырожденные рациональные z на X_k: [0]
множителей 126 (из 126), время 4.0 с; ранги: 13×0 75×1 38×2; недоказанных 0; насыщение индексы>1: 0
используем: -13,-9,-4 (r=0, T=[4, 2]); -9,-5,-4 (r=0, T=[4, 2]); -9,-5,4 (r=0, T=[4, 2]); -4,5,9 (r=0, T=[4, 2]); 4,5,9 (r=0, T=[4, 2]); 4,9,13 (r=0, T=[4, 2]); -13,-9,9,13 (r=0, T=[4, 2]); -13,-5,-4,4 (r=0, T=[4, 2]); -13,-5,5,13 (r=0, T=[4, 2]); -9,-5,5,9 (r=0, T=[4, 2]); -9,-4,4,9 (r=0, T=[4, 2]); -5,-4,4,5 (r=0, T=[4, 2]); -4,4,5,13 (r=0, T=[4, 2]); -13,-9,-5 (r=1, T=[2, 2]); -13,-9,4 (r=1, T=[4, 2]); -13,-9,9 (r=1, T=[2, 2])
  ('add', '-13,-9,-4'): выживших 2 (N=[4, 4, 4, 4, 4, 4, 4, 4, 4, 4, 4, 4, 4, 2, 4, 2])
  ('add', '-9,-5,-4'): выживших 4 (N=[4, 4, 4, 4, 4, 4, 4, 4, 4, 4, 4, 4, 4, 2, 4, 2])
  ('add', '-9,-5,4'): выживших 8 (N=[4, 4, 4, 4, 4, 4, 4, 4, 4, 4, 4, 4, 4, 2, 4, 2])
  ('add', '-4,5,9'): выживших 16 (N=[4, 4, 4, 4, 4, 4, 4, 4, 4, 4, 4, 4, 4, 2, 4, 2])
  ('add', '4,5,9'): выживших 16 (N=[4, 4, 4, 4, 4, 4, 4, 4, 4, 4, 4, 4, 4, 2, 4, 2])
  ('add', '4,9,13'): выживших 32 (N=[4, 4, 4, 4, 4, 4, 4, 4, 4, 4, 4, 4, 4, 2, 4, 2])
  ('add', '-13,-9,9,13'): выживших 32 (N=[4, 4, 4, 4, 4, 4, 4, 4, 4, 4, 4, 4, 4, 2, 4, 2])
  ('add', '-13,-5,-4,4'): выживших 32 (N=[4, 4, 4, 4, 4, 4, 4, 4, 4, 4, 4, 4, 4, 2, 4, 2])
  ('add', '-13,-5,5,13'): выживших 32 (N=[4, 4, 4, 4, 4, 4, 4, 4, 4, 4, 4, 4, 4, 2, 4, 2])
  ('add', '-9,-5,5,9'): выживших 32 (N=[4, 4, 4, 4, 4, 4, 4, 4, 4, 4, 4, 4, 4, 2, 4, 2])
  ('add', '-9,-4,4,9'): выживших 64 (N=[4, 4, 4, 4, 4, 4, 4, 4, 4, 4, 4, 4, 4, 2, 4, 2])
  ('add', '-5,-4,4,5'): выживших 64 (N=[4, 4, 4, 4, 4, 4, 4, 4, 4, 4, 4, 4, 4, 2, 4, 2])
  ('add', '-4,4,5,13'): выживших 64 (N=[4, 4, 4, 4, 4, 4, 4, 4, 4, 4, 4, 4, 4, 2, 4, 2])
  ('add', '-13,-9,-5'): выживших 64 (N=[4, 4, 4, 4, 4, 4, 4, 4, 4, 4, 4, 4, 4, 2, 4, 2])
  ('add', '-13,-9,4'): выживших 64 (N=[4, 4, 4, 4, 4, 4, 4, 4, 4, 4, 4, 4, 4, 2, 4, 2])
  ('add', '-13,-9,9'): выживших 64 (N=[4, 4, 4, 4, 4, 4, 4, 4, 4, 4, 4, 4, 4, 2, 4, 2])
  ('lift', '-13,-9,-5', 2): выживших 128 (N=[8, 8, 8, 8, 8, 8, 8, 8, 8, 8, 8, 8, 8, 4, 4, 2])
  ('lift', '-13,-9,4', 2): выживших 256 (N=[8, 8, 8, 8, 8, 8, 8, 8, 8, 8, 8, 8, 8, 4, 8, 2])
  ('lift', '-13,-9,9', 2): выживших 512 (N=[8, 8, 8, 8, 8, 8, 8, 8, 8, 8, 8, 8, 8, 4, 8, 4])
  ('lift', '-13,-9,-5', 3): выживших 512 (N=[24, 24, 24, 24, 24, 24, 24, 24, 24, 24, 24, 24, 24, 12, 8, 4])
  ('lift', '-13,-9,4', 3): выживших 512 (N=[24, 24, 24, 24, 24, 24, 24, 24, 24, 24, 24, 24, 24, 12, 24, 4])
  ('lift', '-13,-9,9', 3): выживших 512 (N=[24, 24, 24, 24, 24, 24, 24, 24, 24, 24, 24, 24, 24, 12, 24, 12])
  ('lift', '-13,-9,-5', 2): выживших 512 (N=[48, 48, 48, 48, 48, 48, 48, 48, 48, 48, 48, 48, 48, 24, 24, 12])
  ('lift', '-13,-9,4', 2): выживших 512 (N=[48, 48, 48, 48, 48, 48, 48, 48, 48, 48, 48, 48, 48, 24, 48, 12])
  ('lift', '-13,-9,9', 2): выживших 512 (N=[48, 48, 48, 48, 48, 48, 48, 48, 48, 48, 48, 48, 48, 24, 48, 24])
ИТОГ 4/9: выживших классов 512, классов вырожденных точек 256, потеряно известных 0, НЕВЫРОЖДЕННЫХ выживших 256; N=[48, 48, 48, 48, 48, 48, 48, 48, 48, 48, 48, 48, 48, 24, 48, 24]; простых 161 (≤1000); время 87.3 с
