наклон 1/17: клетки [17, -17, 1, -1, 16, -16, 18, -18]; вырожденные рациональные z на X_k: [0]
множителей 126 (из 126), время 4.2 с; ранги: 10×0 76×1 38×2 2×3; недоказанных 0; насыщение индексы>1: 2
используем: -18,-17,1 (r=0, T=[4, 2]); -17,-16,-1 (r=0, T=[4, 2]); -1,17,18 (r=0, T=[4, 2]); 1,16,17 (r=0, T=[4, 2]); -18,-17,16,17 (r=0, T=[4, 2]); -18,-17,17,18 (r=0, T=[4, 2]); -18,-16,-1,1 (r=0, T=[4, 2]); -17,-16,17,18 (r=0, T=[4, 2]); -17,-1,1,17 (r=0, T=[4, 2]); -1,1,16,18 (r=0, T=[4, 2]); -18,-17,-1 (r=1, T=[4, 2]); -18,-17,17 (r=1, T=[2, 2]); -18,-17,18 (r=1, T=[2, 2]); -18,-16,-1 (r=1, T=[2, 2]); -18,-16,16 (r=1, T=[2, 2]); -18,-16,17 (r=1, T=[2, 2])
  ('add', '-18,-17,1'): выживших 2 (N=[4, 4, 4, 4, 4, 4, 4, 4, 4, 4, 4, 2, 2, 2, 2, 2])
  ('add', '-17,-16,-1'): выживших 4 (N=[4, 4, 4, 4, 4, 4, 4, 4, 4, 4, 4, 2, 2, 2, 2, 2])
  ('add', '-1,17,18'): выживших 8 (N=[4, 4, 4, 4, 4, 4, 4, 4, 4, 4, 4, 2, 2, 2, 2, 2])
  ('add', '1,16,17'): выживших 16 (N=[4, 4, 4, 4, 4, 4, 4, 4, 4, 4, 4, 2, 2, 2, 2, 2])
  ('add', '-18,-17,16,17'): выживших 16 (N=[4, 4, 4, 4, 4, 4, 4, 4, 4, 4, 4, 2, 2, 2, 2, 2])
  ('add', '-18,-17,17,18'): выживших 32 (N=[4, 4, 4, 4, 4, 4, 4, 4, 4, 4, 4, 2, 2, 2, 2, 2])
  ('add', '-18,-16,-1,1'): выживших 32 (N=[4, 4, 4, 4, 4, 4, 4, 4, 4, 4, 4, 2, 2, 2, 2, 2])
  ('add', '-17,-16,17,18'): выживших 32 (N=[4, 4, 4, 4, 4, 4, 4, 4, 4, 4, 4, 2, 2, 2, 2, 2])
  ('add', '-17,-1,1,17'): выживших 64 (N=[4, 4, 4, 4, 4, 4, 4, 4, 4, 4, 4, 2, 2, 2, 2, 2])
  ('add', '-1,1,16,18'): выживших 64 (N=[4, 4, 4, 4, 4, 4, 4, 4, 4, 4, 4, 2, 2, 2, 2, 2])
  ('add', '-18,-17,-1'): выживших 64 (N=[4, 4, 4, 4, 4, 4, 4, 4, 4, 4, 4, 2, 2, 2, 2, 2])
  ('add', '-18,-17,17'): выживших 64 (N=[4, 4, 4, 4, 4, 4, 4, 4, 4, 4, 4, 2, 2, 2, 2, 2])
  ('add', '-18,-17,18'): выживших 64 (N=[4, 4, 4, 4, 4, 4, 4, 4, 4, 4, 4, 2, 2, 2, 2, 2])
  ('add', '-18,-16,-1'): выживших 64 (N=[4, 4, 4, 4, 4, 4, 4, 4, 4, 4, 4, 2, 2, 2, 2, 2])
  ('add', '-18,-16,16'): выживших 64 (N=[4, 4, 4, 4, 4, 4, 4, 4, 4, 4, 4, 2, 2, 2, 2, 2])
  ('add', '-18,-16,17'): выживших 64 (N=[4, 4, 4, 4, 4, 4, 4, 4, 4, 4, 4, 2, 2, 2, 2, 2])
  ('lift', '-18,-17,-1', 2): выживших 128 (N=[8, 8, 8, 8, 8, 8, 8, 8, 8, 8, 8, 2, 2, 2, 2, 2])
  ('lift', '-18,-17,17', 2): выживших 256 (N=[8, 8, 8, 8, 8, 8, 8, 8, 8, 8, 8, 4, 2, 2, 2, 2])
  ('lift', '-18,-17,18', 2): выживших 512 (N=[8, 8, 8, 8, 8, 8, 8, 8, 8, 8, 8, 4, 4, 2, 2, 2])
  ('lift', '-18,-16,-1', 2): выживших 512 (N=[8, 8, 8, 8, 8, 8, 8, 8, 8, 8, 8, 4, 4, 4, 2, 2])
  ('lift', '-18,-16,16', 2): выживших 512 (N=[8, 8, 8, 8, 8, 8, 8, 8, 8, 8, 8, 4, 4, 4, 4, 2])
  ('lift', '-18,-16,17', 2): выживших 512 (N=[8, 8, 8, 8, 8, 8, 8, 8, 8, 8, 8, 4, 4, 4, 4, 4])
  ('lift', '-18,-17,-1', 3): выживших 512 (N=[24, 24, 24, 24, 24, 24, 24, 24, 24, 24, 24, 4, 4, 4, 4, 4])
  ('lift', '-18,-17,17', 3): выживших 512 (N=[24, 24, 24, 24, 24, 24, 24, 24, 24, 24, 24, 12, 4, 4, 4, 4])
  ('lift', '-18,-17,18', 3): выживших 512 (N=[24, 24, 24, 24, 24, 24, 24, 24, 24, 24, 24, 12, 12, 4, 4, 4])
  ('lift', '-18,-16,-1', 3): выживших 512 (N=[24, 24, 24, 24, 24, 24, 24, 24, 24, 24, 24, 12, 12, 12, 4, 4])
  ('lift', '-18,-16,16', 3): выживших 512 (N=[24, 24, 24, 24, 24, 24, 24, 24, 24, 24, 24, 12, 12, 12, 12, 4])
  ('lift', '-18,-16,17', 3): выживших 512 (N=[24, 24, 24, 24, 24, 24, 24, 24, 24, 24, 24, 12, 12, 12, 12, 12])
  ('lift', '-18,-17,-1', 2): выживших 512 (N=[48, 48, 48, 48, 48, 48, 48, 48, 48, 48, 48, 12, 12, 12, 12, 12])
  ('lift', '-18,-17,17', 2): выживших 512 (N=[48, 48, 48, 48, 48, 48, 48, 48, 48, 48, 48, 24, 12, 12, 12, 12])
  ('lift', '-18,-17,18', 2): выживших 512 (N=[48, 48, 48, 48, 48, 48, 48, 48, 48, 48, 48, 24, 24, 12, 12, 12])
  ('lift', '-18,-16,-1', 2): выживших 512 (N=[48, 48, 48, 48, 48, 48, 48, 48, 48, 48, 48, 24, 24, 24, 12, 12])
  ('lift', '-18,-16,16', 2): выживших 512 (N=[48, 48, 48, 48, 48, 48, 48, 48, 48, 48, 48, 24, 24, 24, 24, 12])
  ('lift', '-18,-16,17', 2): выживших 512 (N=[48, 48, 48, 48, 48, 48, 48, 48, 48, 48, 48, 24, 24, 24, 24, 24])
ИТОГ 1/17: выживших классов 512, классов вырожденных точек 256, потеряно известных 0, НЕВЫРОЖДЕННЫХ выживших 256; N=[48, 48, 48, 48, 48, 48, 48, 48, 48, 48, 48, 24, 24, 24, 24, 24]; простых 161 (≤1000); время 110.9 с
