23 7 17 169 409 -34
31 17 25 457 793 -6
41 1 29 421 1261 -609
41 1 29 421 1261 -145
47 23 37 949 1789 -1295
47 23 37 949 1789 -111
47 23 37 949 1789 111
49 31 41 1321 2041 -410
49 31 41 1321 2041 -41
49 31 41 1321 2041 410
73 17 53 1549 4069 -371
73 17 53 1549 4069 -265
73 17 53 1549 4069 371
71 49 61 3061 4381 -915
71 49 61 3061 4381 -671
71 49 61 3061 4381 671
71 49 61 3061 4381 915
89 23 65 2377 6073 -2145
89 23 65 2377 6073 -910
89 23 65 2377 6073 910
79 47 65 3217 5233 -455
79 47 65 3217 5233 -65
79 47 65 3217 5233 65
